


B 512
 270.55  130.34   44.13   0.0019531
  28.99   94.81  127.45   0.0019531
  45.72   69.81   32.03   0.0019531
 182.97  112.27   25.73   0.0019531
  51.83  141.55  351.87   0.0019531
 254.37  128.97  304.29   0.0019531
  92.85  108.39  325.71   0.0019531
  71.46  128.17  248.48   0.0019531
  14.08   19.71  270.30   0.0019531
 130.84   31.79  145.33   0.0019531
 145.73   47.60   45.04   0.0019531
 115.48   84.55  252.19   0.0019531
  16.07   46.88  232.97   0.0019531
 131.33   75.28  238.28   0.0019531
  51.74   43.50   14.50   0.0019531
 203.81  169.68   94.88   0.0019531
 210.26   34.55   33.16   0.0019531
 245.99   79.07  190.92   0.0019531
 215.24    2.44  126.40   0.0019531
 225.56   30.03    5.24   0.0019531
 350.38   72.11  103.88   0.0019531
   8.82   74.77   63.35   0.0019531
 320.35   49.63  103.35   0.0019531
 181.71   94.59  301.80   0.0019531
 341.66  168.29   17.05   0.0019531
 240.24   17.12    2.35   0.0019531
 332.59  144.90  132.83   0.0019531
 134.34   50.13  138.21   0.0019531
 167.38  113.42  197.51   0.0019531
 133.10  120.12   93.32   0.0019531
 223.29   37.75  225.38   0.0019531
 213.56  141.49  177.74   0.0019531
 304.51  106.32   78.84   0.0019531
 115.40  103.35  334.81   0.0019531
  24.20   14.51  256.96   0.0019531
 277.62   40.49  217.60   0.0019531
 344.19   56.29   65.58   0.0019531
 267.15  112.73  305.79   0.0019531
  15.31   65.31  253.94   0.0019531
 100.66  110.01   56.66   0.0019531
 323.21   93.24  135.22   0.0019531
  48.96  106.71   67.50   0.0019531
  61.41  155.29  335.70   0.0019531
 191.13  115.14  296.23   0.0019531
  28.56   69.46  316.40   0.0019531
 275.01   80.83  173.28   0.0019531
  94.94   57.91  178.31   0.0019531
 100.58  118.01  234.31   0.0019531
  41.28  101.50  169.83   0.0019531
 117.69   79.12  169.03   0.0019531
 157.16   42.08  303.71   0.0019531
 125.36  106.18  304.95   0.0019531
 144.07   77.54  149.22   0.0019531
 326.17  137.72  212.38   0.0019531
  93.14  101.81  198.42   0.0019531
 187.67  127.00  133.58   0.0019531
 110.06  111.79   76.35   0.0019531
 338.46  153.61   11.08   0.0019531
 140.06   48.54  310.60   0.0019531
 347.46  158.02  164.11   0.0019531
  42.40   44.93  205.69   0.0019531
 224.86   21.75  150.96   0.0019531
 191.09  113.98  195.89   0.0019531
 291.39   60.52   14.24   0.0019531
 160.74    9.72  292.97   0.0019531
 182.63   20.46   35.91   0.0019531
   3.71  151.85  124.32   0.0019531
  82.81   71.88  207.17   0.0019531
 307.85  159.72  266.11   0.0019531
 189.99  127.78  337.06   0.0019531
 313.88   43.24   27.28   0.0019531
 358.23  154.26   81.77   0.0019531
 190.83   51.57  253.20   0.0019531
 327.81  121.77  173.56   0.0019531
  21.64  143.14  268.09   0.0019531
 142.64  112.47  254.67   0.0019531
 192.79  114.56   21.96   0.0019531
  78.59   57.28   23.64   0.0019531
 237.34   82.09  329.34   0.0019531
  67.60  108.49  210.38   0.0019531
 160.31  115.99   51.62   0.0019531
  83.63  135.34  302.20   0.0019531
 202.72   82.00   56.86   0.0019531
 223.16   56.48  216.53   0.0019531
 236.81   94.85  274.38   0.0019531
 306.78   80.31  171.19   0.0019531
  72.76  138.36  129.77   0.0019531
 278.08   91.23  261.38   0.0019531
 131.81   56.62   53.57   0.0019531
 110.88   51.10   16.01   0.0019531
 124.04  159.46  319.10   0.0019531
 200.14   66.61  205.88   0.0019531
 323.88   81.70  215.82   0.0019531
  72.49  160.97  242.35   0.0019531
 143.89   66.28  160.03   0.0019531
 200.59  128.78   41.75   0.0019531
 256.31   36.56  310.35   0.0019531
 173.22   36.77  117.44   0.0019531
 211.82   67.44  352.05   0.0019531
 133.75   98.43  282.15   0.0019531
 281.36  143.53  212.39   0.0019531
  95.09   50.49   62.06   0.0019531
 316.43  120.71  105.03   0.0019531
 231.26   65.91  143.78   0.0019531
 269.68  146.90   51.62   0.0019531
  71.19  120.70   86.83   0.0019531
 182.81   75.11  192.70   0.0019531
  89.07   95.70  333.24   0.0019531
  53.53    4.28   76.10   0.0019531
 241.62   40.01  134.77   0.0019531
 306.15   77.77    6.27   0.0019531
 314.13   51.37  312.43   0.0019531
   4.40  123.74   34.06   0.0019531
  81.60  134.49  231.82   0.0019531
  86.37  123.26  125.72   0.0019531
 215.53   79.70  300.49   0.0019531
  41.53  116.51  219.72   0.0019531
  95.52  147.13  103.80   0.0019531
 359.99  144.70   45.71   0.0019531
 150.45  104.27   56.51   0.0019531
 244.12   34.97   41.97   0.0019531
 181.22   47.43  128.99   0.0019531
 315.87   37.02  223.76   0.0019531
 140.09   19.33   86.33   0.0019531
 276.44   74.88  277.26   0.0019531
 202.23   39.81  272.91   0.0019531
  92.35  140.89  129.10   0.0019531
  53.13   49.95   72.05   0.0019531
  89.03   43.63   33.95   0.0019531
  81.15   15.46  247.33   0.0019531
 299.00   84.58  109.39   0.0019531
  12.61   62.97   27.11   0.0019531
 217.65  107.81    8.60   0.0019531
  17.34   97.74   95.93   0.0019531
 224.99  118.22  308.88   0.0019531
 311.34  128.34  225.98   0.0019531
 230.37   40.10  293.01   0.0019531
 307.50   98.90  138.33   0.0019531
  27.52   64.83  349.93   0.0019531
  19.33   56.56   81.73   0.0019531
 152.59   83.71  258.74   0.0019531
  24.67  105.13   54.53   0.0019531
 292.63   76.28  266.11   0.0019531
 288.82  136.02   51.63   0.0019531
 276.52   56.37   43.62   0.0019531
 321.70  110.02  147.18   0.0019531
   5.38  173.19  139.42   0.0019531
 230.24  100.54  201.10   0.0019531
  54.30   26.36   97.50   0.0019531
 234.25  105.21  332.06   0.0019531
 169.41   78.05  192.89   0.0019531
 155.82   88.12  281.08   0.0019531
 100.40  103.82  227.94   0.0019531
 311.55   62.11   93.03   0.0019531
 351.52  127.14  307.54   0.0019531
  59.97  132.86   32.80   0.0019531
 150.72   98.01  184.66   0.0019531
 123.03   87.65  330.74   0.0019531
 151.96   82.35  297.89   0.0019531
 295.84   91.97   30.43   0.0019531
 213.79   87.06  313.28   0.0019531
 240.40   55.62  212.01   0.0019531
 168.97   27.36  204.59   0.0019531
 136.67  101.54  281.12   0.0019531
 159.00   73.91  191.79   0.0019531
   6.74   21.49   16.33   0.0019531
 105.52   71.11   36.44   0.0019531
 294.96  132.52   76.60   0.0019531
   0.94   73.03  304.44   0.0019531
 347.63  106.41  191.28   0.0019531
  93.83   29.10  343.79   0.0019531
 113.16   27.55  124.85   0.0019531
 247.54    7.79   67.17   0.0019531
 193.21  129.78   55.18   0.0019531
  80.12   43.37  328.70   0.0019531
  46.52   57.73   72.62   0.0019531
 144.71   62.90   76.16   0.0019531
 306.71   74.31  227.80   0.0019531
 148.93   77.67  116.13   0.0019531
 188.13  127.78  308.22   0.0019531
 109.52  110.77  203.71   0.0019531
 311.61   65.98  357.18   0.0019531
 304.95   67.91   79.01   0.0019531
  99.04   84.15  173.42   0.0019531
 291.68  111.41  196.22   0.0019531
 107.14   69.04   56.87   0.0019531
 130.63  101.00  101.23   0.0019531
 207.56  117.99    9.14   0.0019531
  34.04   65.51   43.94   0.0019531
  44.54   32.98  269.02   0.0019531
 163.58   70.79  220.74   0.0019531
 271.35  132.28  121.27   0.0019531
 324.62   18.11   72.83   0.0019531
  22.77  149.78  202.30   0.0019531
 223.82   67.50  113.60   0.0019531
 237.45   44.72  355.96   0.0019531
  71.20  116.49  239.99   0.0019531
 177.75   26.07    0.66   0.0019531
 128.98   48.72  316.13   0.0019531
 350.76  133.72  330.13   0.0019531
 308.67  105.67   68.26   0.0019531
 201.84   28.15  353.18   0.0019531
  30.24  133.18  241.63   0.0019531
  52.46   36.00   47.83   0.0019531
 252.96   71.37  163.30   0.0019531
 357.42  105.13  303.16   0.0019531
 191.05   64.19  347.90   0.0019531
 217.70   95.38   62.76   0.0019531
  45.49  139.53  264.55   0.0019531
 114.78  103.79   60.55   0.0019531
 291.23   64.23  357.07   0.0019531
 285.73   49.71   54.57   0.0019531
 324.01   57.84  165.54   0.0019531
 256.16  167.34  206.60   0.0019531
 165.36   85.66  279.55   0.0019531
 345.69  144.56   24.73   0.0019531
  22.69  143.47  307.35   0.0019531
  35.10  135.24  178.20   0.0019531
  36.76   41.68   58.18   0.0019531
 112.05  100.93  129.74   0.0019531
 143.81   59.61  144.96   0.0019531
  51.22  143.92   58.08   0.0019531
 264.79  122.63  120.73   0.0019531
 331.82   93.33   43.45   0.0019531
 216.45  108.00  173.75   0.0019531
 126.28   79.82  110.15   0.0019531
 350.83   41.13  295.81   0.0019531
 103.43   97.96  142.48   0.0019531
 245.92  167.48  302.64   0.0019531
  54.44  129.11  188.42   0.0019531
 111.06  153.67  264.86   0.0019531
  25.62   35.70   21.07   0.0019531
  93.69   32.40   29.33   0.0019531
 333.39   44.39   58.79   0.0019531
 342.04   85.42  312.83   0.0019531
  15.06  107.56  330.03   0.0019531
  55.32  103.57  170.14   0.0019531
 340.03   94.57   90.98   0.0019531
 253.79   62.69  227.68   0.0019531
  26.92  104.64   89.46   0.0019531
  36.29   12.26  280.67   0.0019531
 128.35   69.86  346.28   0.0019531
 339.39   12.14  119.86   0.0019531
  98.24   99.12  134.92   0.0019531
 343.35   24.26  206.29   0.0019531
 313.17  118.36  302.08   0.0019531
  28.76   68.33  116.27   0.0019531
 296.02  141.43   47.91   0.0019531
 136.21  102.71  167.33   0.0019531
 208.28  125.82  128.57   0.0019531
 312.95   85.83   17.88   0.0019531
  44.82  159.44   34.75   0.0019531
  21.14  106.36  347.68   0.0019531
 256.50   56.70   49.55   0.0019531
 270.67   77.49  129.44   0.0019531
 163.40  117.51  240.80   0.0019531
 284.45  150.12   45.38   0.0019531
 232.65   47.69  132.85   0.0019531
  19.44   55.42   70.01   0.0019531
 108.17   77.54  233.24   0.0019531
 125.64  134.21  293.81   0.0019531
 347.04  133.30  247.32   0.0019531
  40.01   74.95   55.35   0.0019531
  29.04   75.37  103.34   0.0019531
  66.13  126.77   36.04   0.0019531
 184.68  106.60  335.64   0.0019531
  78.03   53.85   41.89   0.0019531
  68.75  126.53  242.02   0.0019531
 288.87  127.91  210.58   0.0019531
  54.19   65.25  317.11   0.0019531
  86.03  128.68  136.35   0.0019531
  36.36  116.58    3.72   0.0019531
 328.96   87.41  283.02   0.0019531
 341.75  100.87   62.68   0.0019531
 337.08  131.11   20.27   0.0019531
  39.63  149.74  140.73   0.0019531
  91.72  152.28  129.74   0.0019531
   9.12   97.76  279.13   0.0019531
  79.15   29.00   72.36   0.0019531
  45.66   61.45  322.38   0.0019531
  89.34   96.24  226.39   0.0019531
 297.79  120.58  214.66   0.0019531
 217.18   82.74   56.75   0.0019531
  62.80   87.12  183.40   0.0019531
 357.44  157.81    1.78   0.0019531
  22.87   59.55   78.29   0.0019531
 283.04   69.79   24.98   0.0019531
 266.50  144.84  175.12   0.0019531
  64.42   30.78  108.52   0.0019531
 302.46  113.03   91.78   0.0019531
 162.53  134.52  264.32   0.0019531
 164.68  110.64   30.61   0.0019531
 293.97  130.85   11.03   0.0019531
   2.37   57.48  138.46   0.0019531
 220.92   40.11  342.10   0.0019531
 126.10   76.98  135.54   0.0019531
 110.01  108.42   51.86   0.0019531
 313.30   26.60  303.90   0.0019531
 144.80  136.85  218.43   0.0019531
   6.56  158.04   97.37   0.0019531
 196.38   74.01  199.34   0.0019531
 172.01  103.52  257.14   0.0019531
 173.32  134.91  325.08   0.0019531
 145.05  105.60  210.76   0.0019531
 209.19   79.05  203.65   0.0019531
  49.53   62.81   54.44   0.0019531
 291.06  107.70  340.36   0.0019531
  85.74   66.31   75.30   0.0019531
 307.52   86.54   25.32   0.0019531
 342.65  149.31   82.67   0.0019531
 140.64  123.89   30.62   0.0019531
  99.84  110.14  173.11   0.0019531
  14.59   68.14  147.60   0.0019531
 294.93  114.13  111.76   0.0019531
 174.34  100.47  149.61   0.0019531
  38.66  141.91  352.14   0.0019531
 124.94  132.77   79.25   0.0019531
  16.22  172.68   63.67   0.0019531
 153.44   73.40  274.73   0.0019531
 321.54   42.15  332.91   0.0019531
  68.00  111.26   64.86   0.0019531
  98.69  167.51  149.79   0.0019531
  81.79   34.25  131.18   0.0019531
  22.69  130.73  202.73   0.0019531
 264.10  162.01  226.46   0.0019531
  76.78   88.38   38.11   0.0019531
  64.19   46.59  254.67   0.0019531
  84.84  122.88  235.52   0.0019531
 217.77   40.18  270.62   0.0019531
 220.27  103.99   66.23   0.0019531
 268.53  168.01  335.16   0.0019531
 343.23   43.49  322.22   0.0019531
  32.20   68.27  341.13   0.0019531
  40.90  111.12  110.65   0.0019531
  95.43   68.34   65.21   0.0019531
 209.65   72.81   26.74   0.0019531
 305.36  173.90   55.04   0.0019531
  30.99   53.98  175.37   0.0019531
 187.91  164.70   81.91   0.0019531
 181.19  119.17   71.19   0.0019531
 133.05   74.97  212.36   0.0019531
  80.76   21.25   34.25   0.0019531
 176.42  148.97  191.60   0.0019531
  12.85   53.97  273.10   0.0019531
 168.52  105.66  220.24   0.0019531
 272.27   50.96  123.84   0.0019531
 194.34  135.84  194.56   0.0019531
 153.46   45.28  325.23   0.0019531
 211.47  165.35  314.30   0.0019531
  23.64  145.86  203.31   0.0019531
 129.99   96.37   36.90   0.0019531
 322.60   78.44   81.83   0.0019531
 149.90   99.10   50.39   0.0019531
 185.03  116.51  145.17   0.0019531
 137.88   82.98   84.12   0.0019531
 352.42   63.89   56.04   0.0019531
 318.19   70.53  140.63   0.0019531
 225.12   62.45    9.11   0.0019531
   8.75  118.61   83.72   0.0019531
  61.20   74.88  118.83   0.0019531
 191.73  118.64   56.68   0.0019531
 294.82  118.98  267.43   0.0019531
 168.42  134.91  231.41   0.0019531
  65.91   32.98  239.33   0.0019531
 264.10   35.67  332.89   0.0019531
 331.46   89.70   38.69   0.0019531
 277.49   72.61  265.05   0.0019531
 140.01   90.41  354.51   0.0019531
  90.77   62.89  275.31   0.0019531
 266.99   81.01  282.83   0.0019531
  36.64   26.86  147.14   0.0019531
 137.49   55.26  133.07   0.0019531
 107.02   55.09  154.31   0.0019531
  50.67  132.85   59.54   0.0019531
  16.54   91.20  304.37   0.0019531
 264.86  113.41  353.71   0.0019531
 290.84   84.15  315.56   0.0019531
  10.54   82.17  297.26   0.0019531
  33.39   91.46  245.46   0.0019531
  44.72   47.36  317.79   0.0019531
 305.85   42.54  252.34   0.0019531
 213.28   37.11   76.87   0.0019531
  23.07  158.53  186.95   0.0019531
 177.43    7.45  238.13   0.0019531
 352.84   32.59  210.04   0.0019531
 277.44  152.22  181.24   0.0019531
  46.26   59.17   91.04   0.0019531
 171.42   77.60  276.89   0.0019531
 259.47   55.93  139.12   0.0019531
 352.88   89.78  148.30   0.0019531
  45.81   71.99  272.00   0.0019531
 193.46   84.38  264.66   0.0019531
 298.24   90.67  159.95   0.0019531
 269.70   53.56  234.36   0.0019531
  84.20  122.36  215.01   0.0019531
 133.55  106.09  212.22   0.0019531
 104.01   92.59   67.68   0.0019531
  92.96   77.20  328.77   0.0019531
  19.73  140.98  106.42   0.0019531
 226.00   31.30  330.15   0.0019531
 209.17   57.88  210.22   0.0019531
 173.58   78.85   11.00   0.0019531
 249.95   47.30  357.83   0.0019531
  85.83  102.30  167.87   0.0019531
  90.74   34.81   17.87   0.0019531
 180.77  113.81   95.96   0.0019531
 312.13   26.27  112.31   0.0019531
  47.46   96.46  335.58   0.0019531
 242.91   17.20  190.41   0.0019531
 213.58  164.69  202.96   0.0019531
 200.20   26.40  189.97   0.0019531
 167.69  104.96   76.87   0.0019531
 194.69   70.18  280.68   0.0019531
 193.17   93.90  283.39   0.0019531
  97.03   14.14  318.13   0.0019531
  85.06  104.38  201.11   0.0019531
 317.86   96.47   26.11   0.0019531
 290.94   57.23  349.33   0.0019531
 273.58  123.20   18.06   0.0019531
  80.72  150.21  237.86   0.0019531
 196.73   37.66  263.08   0.0019531
 303.00  117.06  112.67   0.0019531
 358.96  167.88  263.72   0.0019531
 213.18   74.11  223.21   0.0019531
 121.21  107.67  336.26   0.0019531
 213.03   95.49  163.75   0.0019531
 254.70   27.57  170.58   0.0019531
  87.06   43.49  349.97   0.0019531
 119.89   64.61  159.13   0.0019531
  78.70  151.19   31.02   0.0019531
 357.87   42.62  280.49   0.0019531
 317.25  154.20  103.11   0.0019531
 166.57   36.12  323.60   0.0019531
 228.09  172.42  327.24   0.0019531
  98.69   94.48  217.47   0.0019531
 224.68   39.56  107.36   0.0019531
 172.78   36.08   20.92   0.0019531
 340.72  105.06  101.97   0.0019531
  89.54   83.10   56.61   0.0019531
 135.52  111.37  346.14   0.0019531
 327.39   68.37  136.88   0.0019531
 267.44   90.15  131.10   0.0019531
 267.09  134.72  181.29   0.0019531
 151.27   55.45   45.62   0.0019531
 264.43  131.70    3.64   0.0019531
  26.55   51.10  103.86   0.0019531
 329.38   29.42  218.87   0.0019531
 277.37  107.55  324.66   0.0019531
 257.63  107.77  336.29   0.0019531
 106.95  105.58  139.18   0.0019531
 183.44  110.05    3.62   0.0019531
  35.00  150.14  207.79   0.0019531
 179.61   22.14  218.61   0.0019531
  16.81  105.31  276.64   0.0019531
  28.08  143.39  305.85   0.0019531
 275.66   80.20  298.79   0.0019531
 207.28   71.87  134.89   0.0019531
 139.73   93.04  245.01   0.0019531
 134.48  103.25   89.02   0.0019531
  54.13   75.41   87.73   0.0019531
 151.77  111.90  160.06   0.0019531
 205.30  112.33  239.98   0.0019531
 248.42  119.11  273.63   0.0019531
 190.84   46.97   27.77   0.0019531
 295.43   77.89  309.96   0.0019531
 145.87  149.34  192.33   0.0019531
 167.45  137.00  320.87   0.0019531
  84.08   16.67  116.36   0.0019531
  76.63  127.26  208.73   0.0019531
  19.81   62.45  335.62   0.0019531
 164.05   55.38   30.80   0.0019531
 305.84   43.67  291.31   0.0019531
  77.20  104.28  242.62   0.0019531
 275.82   78.20  122.17   0.0019531
  77.47  169.19  290.76   0.0019531
 292.83  118.53  159.23   0.0019531
   9.38   73.32  169.50   0.0019531
  92.73   84.52  257.79   0.0019531
  55.74   56.39   82.23   0.0019531
  56.77   88.87  211.90   0.0019531
  65.62  114.74  126.53   0.0019531
 201.29  100.25   84.18   0.0019531
  26.30  113.23  135.38   0.0019531
 280.67    9.64  112.49   0.0019531
 267.16   26.63  223.55   0.0019531
  82.48   56.80  326.32   0.0019531
 341.30   40.18  315.70   0.0019531
 154.92   20.81   42.72   0.0019531
  46.07  139.27   49.91   0.0019531
 105.38   88.52   41.16   0.0019531
 122.50  113.66  294.13   0.0019531
  28.58   54.46  306.10   0.0019531
  38.52  111.32   39.38   0.0019531
 202.79   81.94  266.78   0.0019531
  84.24  132.04  296.80   0.0019531
 244.38  138.95  332.06   0.0019531
   3.12  111.65  322.58   0.0019531
  30.07   13.69  336.84   0.0019531
 114.13  133.35  191.36   0.0019531
 137.75   63.37  321.64   0.0019531
 241.44  145.19   95.84   0.0019531
 243.79  159.52   91.00   0.0019531
 235.37   78.09  356.17   0.0019531
 347.60  133.78  277.51   0.0019531
 323.98  150.79  132.91   0.0019531
  55.39  159.20   96.88   0.0019531
 173.37   21.18  310.29   0.0019531
  37.87   22.16   97.02   0.0019531
 183.19  119.78  265.31   0.0019531
 113.11  115.72   28.04   0.0019531
 340.43  134.10  158.58   0.0019531
 326.03   78.48  274.26   0.0019531
