538
5.96E+01	6.57E+01	9.39E+01
2.70E+02	6.73E+01	1.70E+02
2.15E+02	4.18E+01	1.46E+02
6.03E+01	3.37E+01	1.60E+02
5.71E+01	5.73E+01	1.09E+02
1.40E+02	1.04E+02	1.05E+02
1.84E+02	5.90E+01	2.62E+02
1.56E+02	6.33E+01	1.67E+02
1.40E+02	3.02E+01	1.40E+02
2.04E+02	3.30E+01	1.02E+02
6.80E+01	6.01E+01	1.12E+02
3.55E+02	1.58E+02	2.07E+02
1.89E+02	1.11E+02	1.36E+02
2.71E+02	3.01E+01	2.04E+02
1.58E+02	1.44E+02	1.18E+02
2.51E+02	1.43E+02	1.36E+02
1.85E+01	2.97E+01	1.22E+02
1.46E+01	1.33E+02	2.03E+02
2.49E+02	1.15E+02	1.52E+02
2.70E+02	3.65E+01	2.37E+02
1.48E+02	8.46E+01	2.12E+02
2.25E+02	6.22E+01	2.48E+02
1.57E+02	7.74E+01	1.11E+02
1.03E+02	1.08E+02	2.30E+02
1.02E+02	6.91E+01	2.69E+02
1.82E+02	6.05E+01	1.51E+02
3.59E+02	1.36E+02	2.01E+02
7.40E+01	1.27E+02	1.90E+02
1.15E+02	1.27E+02	1.05E+02
2.04E+02	3.67E+01	1.63E+02
1.74E+02	7.72E+01	1.80E+02
2.41E+02	8.72E+01	1.86E+02
1.37E+02	4.26E+01	1.05E+02
2.31E+02	1.51E+02	1.54E+02
1.83E+02	9.41E+01	2.19E+02
3.40E+02	7.97E+01	2.61E+02
3.72E+01	1.45E+02	9.94E+01
2.81E+02	1.61E+02	2.68E+02
1.27E+02	7.92E+01	2.53E+02
1.80E+02	8.72E+01	1.77E+02
1.68E+02	1.10E+02	1.44E+02
5.10E+01	9.80E+01	2.32E+02
1.30E+02	6.85E+01	1.66E+02
1.64E+02	7.94E+01	2.16E+02
1.29E+01	7.80E+01	1.91E+02
4.33E+01	1.11E+02	1.72E+02
1.92E+02	7.62E+01	1.32E+02
2.57E+02	1.51E+02	2.28E+02
3.57E+02	1.14E+02	2.35E+02
4.10E+01	9.87E+01	1.01E+02
0.0e0	0.0e0	0.0e0
1.59E+02	1.30E+02	2.17E+02
5.06E+01	1.06E+02	2.38E+02
2.56E+01	7.28E+01	1.98E+02
1.24E+02	6.41E+01	1.34E+02
7.21E+00	1.71E+02	1.27E+02
1.83E+02	1.15E+02	1.47E+02
7.78E+01	1.23E+02	2.64E+02
1.58E+02	1.51E+02	1.85E+02
7.35E+01	2.14E+01	1.92E+02
3.43E+00	1.03E+02	2.41E+02
1.42E+01	6.74E+01	2.00E+02
1.22E+02	8.53E+01	2.17E+02
3.18E+02	3.83E+01	9.31E+01
8.65E+01	8.08E+01	1.57E+02
2.09E+02	6.36E+01	2.66E+02
2.16E+02	1.02E+02	1.86E+02
1.58E+02	1.02E+02	2.05E+02
2.14E+02	9.80E+01	1.31E+02
3.50E+02	1.21E+02	1.72E+02
2.37E+02	8.95E+01	1.54E+02
1.61E+02	1.02E+02	2.22E+02
3.46E+02	2.79E+01	1.32E+02
6.50E+00	7.98E+01	1.42E+02
1.12E+02	8.29E+01	2.34E+02
1.63E+02	1.21E+02	1.85E+02
2.02E+02	4.82E+01	2.02E+02
2.89E+02	1.80E+01	1.95E+02
3.69E+01	8.11E+01	2.51E+02
2.67E+02	6.22E+01	1.48E+02
3.27E+02	1.35E+02	1.42E+02
2.02E+01	1.18E+02	1.46E+02
3.04E+02	5.35E+01	1.48E+02
1.31E+01	1.41E+02	2.55E+02
3.24E+02	1.20E+02	2.65E+02
3.36E+02	1.28E+02	9.78E+01
1.97E+01	8.35E+01	1.23E+02
1.71E+02	5.73E+01	2.61E+02
2.45E+02	7.32E+01	1.01E+02
5.06E+01	9.86E+01	1.04E+02
2.75E+02	1.01E+02	2.24E+02
2.73E+01	5.96E+01	1.09E+02
3.11E+02	1.11E+02	2.09E+02
9.16E+01	3.45E+01	2.59E+02
2.15E+02	8.02E+01	1.30E+02
2.16E+00	8.12E+01	1.31E+02
1.30E+01	9.14E+01	9.09E+01
2.65E+02	6.19E+01	1.05E+02
3.71E+01	6.86E+01	1.41E+02
8.52E+01	1.49E+02	1.23E+02
0.00E+00	-45.0E+00	0.00E+00
2.36E+02	1.03E+02	2.70E+02
2.49E+02	5.53E+01	2.35E+02
1.18E+02	5.86E+01	1.91E+02
9.32E+01	9.71E+01	1.88E+02
1.46E+02	1.15E+02	1.21E+02
2.10E+02	9.99E+01	1.29E+02
1.45E+01	4.16E+01	1.58E+02
3.05E+02	5.56E+01	2.14E+02
1.32E+02	1.37E+02	9.97E+01
3.06E+02	9.47E+01	2.30E+02
1.92E+02	1.24E+02	2.63E+02
1.64E+02	1.23E+02	1.98E+02
3.57E+02	6.46E+01	9.11E+01
1.79E+02	9.47E+01	1.81E+02
7.14E+01	7.80E+01	1.93E+02
3.02E+02	1.60E+02	2.67E+02
1.49E+02	1.39E+02	1.60E+02
2.16E+02	6.79E+01	1.12E+02
7.18E+01	2.25E+01	2.01E+02
1.44E+02	1.32E+02	9.86E+01
1.10E+02	1.33E+01	2.51E+02
5.91E+01	1.49E+02	1.33E+02
2.42E+02	6.64E+01	1.87E+02
1.31E+02	1.48E+02	1.80E+02
2.66E+02	9.53E+01	1.33E+02
2.44E+01	1.13E+02	1.12E+02
2.17E+02	1.04E+02	1.76E+02
2.01E+02	1.33E+02	1.18E+02
2.00E+02	1.09E+02	2.33E+02
1.55E+02	9.56E+01	1.45E+02
1.70E+02	1.02E+02	1.14E+02
3.24E+02	8.72E+01	9.16E+01
2.27E+02	1.31E+02	1.54E+02
1.88E+02	1.19E+02	1.67E+02
1.83E+02	1.16E+02	2.17E+02
2.89E+01	2.78E+01	2.00E+02
1.07E+02	7.11E+01	1.48E+02
2.27E+02	7.44E+01	1.66E+02
2.53E+02	7.32E+01	2.09E+02
1.62E+02	1.39E+02	2.47E+02
4.30E+01	5.77E+01	1.68E+02
3.44E+02	2.78E+01	1.21E+02
4.41E+01	4.89E+01	2.04E+02
3.56E+02	3.42E+01	9.60E+01
1.11E+02	1.49E+02	1.33E+02
1.86E+02	6.71E+01	1.49E+02
1.27E+02	9.87E+01	1.09E+02
1.48E+02	1.31E+02	1.03E+02
1.72E+02	1.22E+02	2.52E+02
45.0  -54.736  0.0
2.39E+02	1.56E+02	1.24E+02
2.93E+02	4.36E+01	2.66E+02
2.26E+02	1.33E+02	1.29E+02
1.71E+02	5.72E+01	2.20E+02
6.09E+01	3.97E+01	2.56E+02
1.51E+01	1.37E+02	1.12E+02
3.09E+02	8.93E+01	1.19E+02
1.91E+02	7.67E+01	1.54E+02
3.03E+01	1.53E+02	1.47E+02
2.68E+02	5.60E+01	2.42E+02
3.34E+02	6.64E+01	2.35E+02
2.42E+02	5.32E+01	1.10E+02
8.41E+01	6.32E+01	2.55E+02
1.25E+02	1.43E+02	1.07E+02
1.47E+02	9.22E+01	2.57E+02
2.59E+02	9.13E+01	1.45E+02
2.98E+02	9.37E+01	1.63E+02
2.24E+02	1.13E+02	9.23E+01
1.30E+02	1.35E+02	9.75E+01
1.08E+02	8.52E+01	1.51E+02
1.03E+02	1.04E+02	1.64E+02
2.59E+02	1.09E+02	2.14E+02
2.41E+02	1.00E+02	1.08E+02
1.72E+02	8.86E+01	1.12E+02
2.96E+02	8.05E+01	1.19E+02
3.22E+02	2.72E+01	1.57E+02
2.32E+01	6.96E+01	9.92E+01
9.33E+01	1.12E+02	1.59E+02
2.86E+02	1.37E+01	2.29E+02
4.08E+01	7.32E+00	2.14E+02
3.27E+02	5.41E+01	2.56E+02
9.80E+01	1.03E+02	1.14E+02
3.50E+02	8.99E+01	2.50E+02
4.29E+01	1.63E+02	1.39E+02
1.59E+02	1.25E+02	2.08E+02
3.20E+02	6.05E+01	1.77E+02
1.56E+02	1.21E+02	9.50E+01
2.79E+02	4.73E+01	2.06E+02
5.71E+01	1.49E+02	9.56E+01
1.09E+02	1.30E+02	1.35E+02
2.58E+02	1.50E+02	1.23E+02
6.91E+01	1.59E+02	2.41E+02
2.67E+02	1.61E+01	9.12E+01
3.13E+02	7.59E+01	1.48E+02
3.30E+01	1.23E+02	1.14E+02
7.20E+01	1.05E+02	1.17E+02
1.82E+02	1.17E+02	2.05E+02
3.32E+02	6.61E+01	1.76E+02
2.27E+02	1.21E+02	1.00E+02
3.43E+02	7.39E+01	9.95E+01
1.47E+02	9.40E+01	2.24E+02
2.85E+02	1.70E+02	2.43E+02
3.33E+02	5.54E+01	1.93E+02
2.66E+02	1.47E+02	1.40E+02
1.87E+02	1.16E+02	2.51E+02
2.44E+02	9.21E+01	1.19E+02
1.25E+02	7.63E+00	1.09E+02
1.04E+02	7.38E+01	1.95E+02
2.31E+02	3.75E+01	1.07E+02
2.92E+02	1.01E+02	2.07E+02
1.06E+01	1.54E+02	2.14E+02
2.78E+02	6.57E+01	2.09E+02
2.48E+02	1.98E+01	1.48E+02
1.79E+02	8.46E+01	1.92E+02
2.15E+02	2.30E+01	1.78E+02
8.17E+01	8.37E+01	1.88E+02
6.13E+01	1.73E+02	1.90E+02
3.08E+02	1.38E+02	2.31E+02
1.31E+02	8.63E+01	2.53E+02
8.97E+01	7.71E+01	2.64E+02
1.11E+02	5.62E+01	1.24E+02
1.38E+02	1.15E+02	9.30E+01
1.05E+02	1.13E+02	1.00E+02
1.52E+02	7.27E+01	1.87E+02
3.58E+02	9.64E+01	2.19E+02
2.45E+02	6.61E+01	2.63E+02
2.48E+02	1.16E+02	1.19E+02
3.06E+02	1.35E+02	1.74E+02
1.82E+02	6.35E+01	2.14E+02
2.30E+02	7.10E+01	1.45E+02
1.27E+01	8.96E+01	1.31E+02
2.32E+02	1.43E+02	2.27E+02
1.96E+02	1.38E+02	1.86E+02
1.90E+02	6.75E+01	1.99E+02
2.00E+02	1.42E+02	1.53E+02
2.51E+02	1.70E+02	1.49E+02
8.23E+01	6.72E+01	2.31E+02
1.18E+01	4.71E+01	2.50E+02
9.01E+01	1.32E+02	1.90E+02
2.43E+02	1.46E+02	1.78E+02
5.43E+00	3.82E+01	1.45E+02
3.07E+02	6.55E+01	1.49E+02
4.86E+01	7.88E+01	1.46E+02
3.26E+02	1.53E+02	2.59E+02
3.15E+02	1.51E+02	1.31E+02
1.72E+02	4.45E+01	1.91E+02
1.90E+02	6.17E+01	1.66E+02
2.32E+01	6.04E+01	2.69E+02
1.64E+02	7.61E+01	1.66E+02
1.89E+02	1.59E+02	1.67E+02
2.19E+02	2.60E+01	2.61E+02
2.41E+00	1.07E+02	1.72E+02
1.75E+02	1.26E+02	1.48E+02
1.72E+02	6.39E+01	1.15E+02
2.70E+02	3.60E+01	1.80E+02
2.14E+02	5.27E+01	2.51E+02
1.56E+02	6.75E+01	1.18E+02
3.26E+02	1.29E+02	1.95E+02
1.79E+02	7.83E+01	1.31E+02
8.62E+01	1.39E+02	1.98E+02
3.05E+02	6.48E+01	1.27E+02
3.26E+02	6.47E+01	1.88E+02
2.26E+02	4.51E+01	9.43E+01
3.13E+02	8.42E+01	2.29E+02
2.47E+02	1.23E+02	1.96E+02
1.52E+02	1.33E+02	2.27E+02
2.75E+02	1.01E+02	2.51E+02
2.50E+02	1.53E+02	1.84E+02
1.78E+02	6.94E+01	1.59E+02
2.07E+01	4.53E+01	9.81E+01
3.14E+02	8.09E+01	1.85E+02
2.30E+02	6.94E+01	1.05E+02
3.25E+02	9.12E+01	1.42E+02
1.52E+02	4.60E+01	2.16E+02
3.39E+01	7.20E+01	2.25E+02
5.17E+00	1.61E+02	1.76E+02
2.37E+02	4.45E+01	1.96E+02
3.23E+02	9.66E+01	2.20E+02
3.02E+02	1.24E+02	2.60E+02
2.15E+02	1.05E+02	2.56E+02
2.86E+02	9.16E+01	1.20E+02
1.14E+02	8.06E+01	2.33E+02
3.36E+02	8.07E+01	2.55E+02
2.79E+02	1.02E+02	2.62E+02
2.79E+02	1.02E+02	2.44E+02
3.19E+01	4.97E+01	2.11E+02
1.28E+02	7.54E+01	1.92E+02
2.31E+02	1.63E+02	9.08E+01
1.94E+02	7.33E+01	1.97E+02
3.02E+02	2.96E+01	1.01E+02
2.16E+02	1.37E+02	9.48E+01
3.18E+02	1.08E+02	2.48E+02
1.65E+02	2.32E+01	2.29E+02
2.37E+02	9.97E+01	1.53E+02
1.66E+02	9.80E+01	2.50E+02
2.74E+01	1.57E+02	1.46E+02
2.97E+02	1.77E+02	1.85E+02
1.17E+02	9.01E+01	1.12E+02
8.22E+01	6.78E+01	2.24E+02
3.37E+02	7.66E+01	2.03E+02
1.12E+02	1.02E+02	1.32E+02
1.93E+02	5.37E+01	2.52E+02
8.36E-01	4.53E+01	2.36E+02
3.54E+02	1.05E+02	1.37E+02
1.58E+02	1.63E+02	2.27E+02
8.52E+01	6.99E+01	2.15E+02
6.53E+01	9.03E+01	2.22E+02
6.92E+01	2.72E+01	2.68E+02
2.03E+02	7.80E+01	2.44E+02
2.63E+02	1.25E+02	1.10E+02
2.15E+02	6.05E+01	1.06E+02
3.25E+02	9.88E+01	2.20E+02
7.41E+01	1.34E+02	1.40E+02
1.09E+02	1.81E+01	1.03E+02
1.58E+02	8.69E+01	1.56E+02
2.63E+02	8.56E+01	1.92E+02
6.49E+01	1.10E+02	1.67E+02
3.03E+02	1.16E+02	1.03E+02
1.64E+02	6.81E+01	1.42E+02
2.53E+02	9.31E+01	1.90E+02
6.53E+01	1.43E+02	2.47E+02
2.87E+01	8.73E+01	2.65E+02
1.04E+02	2.95E+01	1.32E+02
3.39E+02	1.39E+02	1.45E+02
2.22E+02	1.05E+02	2.09E+02
6.61E+01	8.99E+01	2.52E+02
2.43E+02	6.05E+01	1.31E+02
3.25E+02	8.19E+01	1.45E+02
2.61E+02	7.16E+01	1.55E+02
7.44E+01	1.15E+02	1.98E+02
1.45E+02	1.28E+02	1.62E+02
3.50E+02	1.44E+02	2.19E+02
2.74E+02	9.05E+01	1.82E+02
9.36E+01	7.76E+01	1.82E+02
2.80E+02	7.53E+01	1.13E+02
9.70E+01	1.21E+02	1.11E+02
3.53E+01	3.02E+01	2.60E+02
5.46E+01	9.94E+01	1.75E+02
1.04E+02	1.29E+02	1.76E+02
2.73E+01	1.17E+02	1.54E+02
2.50E+02	1.66E+02	1.79E+02
1.53E+02	6.82E+01	1.58E+02
2.16E+02	1.10E+02	1.91E+02
2.20E+02	8.80E+01	9.80E+01
1.71E+02	9.09E+01	2.49E+02
2.21E+02	1.43E+02	2.30E+02
1.84E+02	2.60E+01	2.69E+02
7.50E+01	8.15E+01	1.41E+02
1.41E+02	1.62E+02	1.70E+02
9.54E+01	3.00E+01	1.74E+02
7.10E+01	1.22E+02	1.25E+02
5.56E+01	5.07E+01	1.64E+02
1.77E+02	5.54E+01	2.20E+02
7.92E+01	1.79E+02	2.65E+02
3.41E+02	6.60E+01	1.40E+02
7.55E+01	8.24E+01	2.02E+02
3.07E+02	3.20E+00	1.63E+02
3.05E+02	7.39E+01	1.96E+02
2.25E+02	1.38E+02	1.53E+02
2.63E+02	2.67E+01	2.41E+02
3.25E+02	5.19E+01	1.48E+02
2.08E+00	9.95E+01	9.47E+01
2.32E+02	9.65E+01	1.51E+02
1.60E+02	1.02E+02	2.29E+02
3.35E+02	1.20E+02	1.13E+02
1.95E+02	6.59E+01	1.75E+02
3.49E+02	8.71E+01	1.84E+02
7.97E+01	7.21E+01	1.34E+02
2.73E+02	9.84E+01	1.11E+02
2.90E+02	7.72E+01	1.65E+02
3.93E+01	1.11E+02	1.48E+02
1.32E+02	1.26E+02	2.55E+02
2.96E+02	8.66E+01	2.46E+02
2.54E+02	5.42E+01	2.24E+02
2.11E+02	4.97E+01	2.25E+02
1.56E+02	1.54E+02	1.13E+02
2.71E+02	5.83E+01	2.30E+02
7.43E+01	1.03E+02	1.58E+02
2.24E+02	4.30E+01	2.54E+02
2.34E+02	1.45E+02	1.39E+02
1.94E+02	7.40E+01	1.50E+02
2.41E+01	8.96E+01	1.27E+02
1.19E+02	7.02E+01	1.01E+02
1.10E+02	1.06E+02	2.26E+02
5.51E+01	5.24E+01	2.21E+02
2.98E+02	1.14E+02	1.55E+02
1.70E+02	8.69E+01	2.48E+02
1.00E+02	4.49E+01	2.68E+02
1.61E+01	1.02E+02	1.35E+02
2.81E+02	7.86E+01	9.78E+01
1.40E+02	8.99E+01	2.12E+02
1.52E+01	8.26E+01	1.85E+02
2.80E+02	2.61E+01	2.46E+02
2.65E+00	8.05E+01	1.27E+02
1.06E+02	1.46E+02	1.96E+02
3.01E+00	6.09E+01	2.06E+02
1.01E+02	8.58E+01	1.71E+02
2.27E+02	8.04E+01	2.51E+02
2.22E+02	5.71E+01	2.05E+02
2.00E+01	1.64E+02	2.34E+02
3.15E+02	7.15E+01	2.46E+02
1.01E+02	3.44E+01	2.51E+02
4.91E+01	1.22E+02	2.66E+02
2.10E+02	9.66E+01	1.85E+02
1.39E+02	1.04E+02	1.18E+02
1.88E+02	1.61E+01	1.26E+02
1.47E+02	5.42E+01	1.99E+02
7.56E+01	8.40E+01	2.14E+02
2.41E+01	1.57E+02	2.34E+02
1.36E+02	1.13E+02	2.05E+02
6.87E+01	1.09E+02	9.42E+01
2.49E+02	1.14E+02	1.94E+02
2.38E+02	1.19E+02	1.40E+02
2.72E+02	1.09E+02	1.98E+02
7.51E+01	9.32E+01	2.31E+02
1.89E+02	1.42E+02	1.05E+02
2.93E+02	1.15E+02	2.34E+02
2.77E+02	2.31E+01	1.05E+02
2.34E+02	8.00E+01	2.49E+02
7.88E+01	1.24E+02	1.86E+02
7.55E+01	5.42E+01	1.54E+02
3.46E+02	6.25E+01	2.48E+02
9.87E+01	6.44E+01	1.93E+02
7.03E+01	2.44E+01	1.37E+02
3.20E+02	3.52E+01	1.78E+02
8.21E+01	9.41E+01	2.49E+02
1.69E+02	9.74E+01	1.27E+02
1.10E+02	2.86E+01	2.17E+02
1.96E+02	3.69E+01	1.11E+02
3.13E+02	8.23E+01	1.53E+02
1.54E+02	8.27E+01	1.15E+02
1.31E+02	8.20E+01	1.73E+02
2.71E+02	1.15E+02	1.56E+02
3.06E+02	8.02E+01	1.03E+02
3.16E+02	5.57E+01	1.37E+02
2.10E+00	1.13E+02	2.27E+02
2.60E+02	5.09E+01	1.05E+02
2.62E+02	6.99E+01	1.66E+02
1.08E+02	1.01E+02	1.82E+02
2.29E+02	1.15E+02	2.51E+02
1.28E+02	5.19E+01	1.84E+02
1.38E+02	8.63E+01	2.39E+02
2.29E+02	6.81E+01	2.27E+02
7.34E+00	1.06E+02	1.76E+02
1.14E+02	8.03E+00	2.44E+02
4.29E+01	9.52E+01	2.58E+02
2.46E+02	3.43E+01	1.05E+02
1.51E+02	5.87E+01	1.95E+02
2.21E+02	7.41E+01	1.63E+02
2.55E+02	1.33E+02	2.25E+02
2.01E+02	1.22E+02	1.39E+02
4.83E+01	1.04E+02	1.87E+02
2.18E+02	4.91E+01	2.61E+02
7.97E+01	5.34E+01	1.91E+02
1.03E+02	1.12E+02	1.60E+02
1.22E+01	1.17E+02	1.90E+02
2.12E+02	1.54E+02	1.91E+02
1.35E+01	1.09E+02	1.29E+02
2.35E+02	4.92E+01	2.39E+02
3.42E+01	1.18E+02	1.52E+02
2.33E+02	1.24E+02	1.34E+02
2.92E+02	1.25E+02	2.57E+02
2.45E+02	1.51E+02	1.78E+02
3.03E+02	1.32E+02	2.63E+02
3.56E+02	9.54E+01	1.76E+02
1.97E+02	1.12E+02	1.77E+02
1.82E+01	9.97E+01	2.27E+02
1.31E+02	8.25E+01	2.29E+02
2.00E+02	7.82E+01	2.59E+02
1.81E+02	1.64E+02	1.07E+02
1.13E+02	8.18E+01	2.69E+02
8.58E+01	6.91E+01	2.65E+02
2.44E+01	7.07E+01	9.41E+01
1.52E+02	1.13E+02	1.52E+02
3.23E+01	1.08E+02	9.70E+01
9.38E+01	8.70E+01	1.23E+02
2.27E+02	1.04E+02	1.98E+02
2.83E+02	8.92E+01	1.79E+02
2.37E+02	9.26E+01	2.45E+02
1.12E+02	1.37E+01	1.11E+02
3.42E+02	9.30E+01	1.78E+02
1.56E+02	5.11E+01	1.01E+02
2.66E+02	5.92E+01	2.50E+02
1.87E+02	3.97E+01	2.01E+02
1.56E+02	8.52E+01	1.04E+02
5.83E+01	1.30E+02	1.80E+02
5.53E+01	7.99E+01	9.90E+01
2.82E+02	5.93E+01	1.46E+02
6.80E+01	6.14E+01	2.69E+02
1.73E+02	1.06E+02	1.70E+02
1.21E+02	7.18E+01	2.45E+02
1.91E+02	1.06E+02	1.28E+02
1.35E+02	7.42E+01	2.54E+02
2.64E+01	3.69E+01	1.41E+02
1.38E+02	1.14E+02	1.75E+02
8.53E+01	8.87E+01	2.53E+02
2.92E+02	7.75E+01	1.72E+02
8.68E+01	9.15E+01	2.11E+02
3.42E+02	1.10E+02	1.61E+02
3.23E+02	1.24E+02	1.16E+02
3.39E+02	1.25E+02	1.18E+02
2.78E+01	3.19E+01	1.29E+02
6.52E+01	1.30E+02	1.76E+02
3.11E+01	9.03E+01	1.31E+02
4.11E+01	1.55E+02	2.50E+02
2.86E+02	4.86E+01	2.31E+02
2.02E+02	7.98E+01	1.91E+02
2.03E+01	1.41E+02	1.48E+02
3.09E+02	4.99E+01	9.66E+01
8.42E+01	6.32E+01	1.91E+02
1.20E+02	3.78E+01	2.05E+02
2.95E+02	7.16E+01	2.12E+02
2.44E+02	8.21E+01	1.55E+02
1.41E+02	1.03E+02	2.59E+02
7.51E+01	1.06E+02	2.26E+02
2.11E+02	4.97E+01	1.51E+02
1.87E+02	3.12E+01	1.60E+02
3.00E+02	1.13E+02	1.62E+02
1.83E+02	2.35E+01	1.86E+02
4.48E+01	6.28E+01	2.04E+02
2.09E+02	1.71E+02	1.59E+02
1.38E+02	6.55E+01	2.30E+02
2.97E+02	9.45E+01	1.34E+02
1.23E+02	1.13E+02	2.30E+02
1.89E+02	1.11E+02	1.24E+02
3.54E+02	9.32E+01	1.97E+02
2.31E+02	7.63E+01	1.76E+02
1.49E+02	8.41E+01	1.89E+02
7.01E+01	5.12E+01	1.95E+02
3.57E+02	1.01E+02	1.51E+02
1.39E+02	1.28E+02	1.74E+02
2.99E+02	2.70E+01	2.15E+02
9.16E+01	1.10E+02	2.16E+02
5.39E+01	7.44E+01	1.98E+02
1.70E+02	1.48E+02	2.36E+02
7.77E+01	1.03E+02	2.26E+02
1.89E+02	5.66E+01	1.47E+02

