512
102.55	124.29	43.52
-139.37	51.3	43.73
174.9	45.08	45.16
135.88	61.53	33.91
133.35	66.69	25.86
12.27	12.31	-137.07
31.06	61.23	-37.08
177.77	147.35	-45.48
-51.82	55.72	132.75
-62.08	125.47	-135.6
-5.21	143.74	-45.42
1.87	173.25	46.37
50.58	55.69	47.7
36.57	93.77	-175.76
58.81	98.58	7.64
-108.88	82.76	173.32
175.83	14.65	135.52
103.3	60.33	29.45
86.96	55.76	-139.6
-107.88	12.71	-168.11
-150.33	127.43	-45.3
-5.59	134.72	-135.15
-2.49	0.93	-37.33
179.67	45.72	-135.16
127.67	112.74	65.3
95.95	124.02	-48.52
-51.52	84.16	-84.32
21.15	61.13	144.1
-73.93	92.14	-92.5
-40.51	125.4	-43.23
126.86	104.3	75.86
13.46	52.79	-44.34
-166.64	125.3	133.67
-108.14	62.59	-118.5
-35.8	127.09	-134.55
44.6	56.33	-131.31
11.8	129.15	-134.83
-110.39	63.4	153.36
-122.78	118.97	122.98
43.68	67.34	64.62
-132.13	127.63	46.17
125.28	71.72	108.14
139.43	62.1	-146.79
-55.19	55.25	133.7
-159.59	59.88	-129.81
-142.67	116.38	-147.53
-105.75	53.86	37.28
123.9	56.98	130.45
-47.29	56.32	-138.35
-2.12	33.77	135.77
-4.24	21.92	-133.9
-57.75	116.78	150.58
44.08	124.39	-137.43
174.17	141.35	-45.74
69.07	55.58	-134.13
-75.25	120.95	-33.35
67.88	121.96	-52.06
-19.6	52.77	44.47
-28.23	1.62	-46.96
48.1	106	106.75
-174.35	17.58	-46.57
-40.45	121.03	141.85
-104.81	56.08	-133.95
-177.58	156.15	-44.82
-60.57	56.7	-138.49
164.16	55.02	-136.63
9.69	132.19	-134.42
44.09	125.18	-136.58
177.87	39.6	134.94
-126.16	55.19	-133.65
39.48	103.01	14.46
-33.6	111.93	154.18
13.33	4.5	-135.66
-116.9	118.69	-58.04
-9.97	163.95	43.23
-20.38	166.61	41.5
5.73	133.43	-134.54
171.51	51.38	44.73
131.25	71.42	109.37
2.19	131.27	45.24
-151.37	60.17	141.72
6.88	22.68	-136.02
-13.05	140.09	133.84
-48.8	97.44	172.95
19.07	1.05	61.01
136.3	63.08	-148.62
-173.23	62.53	137.34
51.64	108.2	108.88
3.14	126.4	44.98
8.19	56.21	-43.83
-157.61	32.02	-47.94
170.41	26.24	-43.56
80.54	85.58	176.06
22.52	127.87	-135.08
-48.8	103.54	-13.46
-177.58	132.72	-135
129.21	126.55	134.28
97.02	57.84	-55.11
92.34	123.92	-46.92
-146.79	68.85	64.6
71.9	56.05	-42.88
-170.44	87.92	88.28
127.81	56.08	41.8
178.24	129.34	134.88
43.5	93.26	93.52
112.74	60.34	-55.73
6.87	33.82	44.28
-33.49	53.55	134.28
-6.23	125.94	-134.31
-36.49	106.98	-109.26
8.78	48.77	-135.14
72.92	125.49	50.09
-81.28	124.22	134.57
-140.47	53.92	-134.24
121.93	116.51	-119.38
128.35	124.48	-43
83.41	55.65	42.34
-59.13	55.53	-46.44
-132.42	119.69	35.19
-3.54	135.42	-44.98
11.64	35.19	-46.22
31.59	94.08	94.64
64.77	61.82	149.73
-99.77	56.37	137.81
-165.55	133.56	45.67
55.47	143.87	-25.48
85.98	89.98	-89.32
-171.66	127.49	-45.44
-162.36	54.09	-134.01
14.66	153.92	-42.31
21.27	87.41	-2.25
-120.97	121.26	126.86
44.33	87.54	-92.28
-85.3	56.61	-51.91
-142.86	124.65	-137.6
-82.84	123.85	-42.08
-71.56	71.3	104.95
151.06	106.12	159.3
-62.31	64.8	26.75
12.46	127.87	134.95
-24.48	133.58	132.98
146.98	131.75	132.14
-157.74	78.3	76.07
0.74	19.08	135.16
-140.96	102.64	103.69
140.46	123.94	47.82
129.94	56.59	130.98
111.47	81.5	97.68
39.81	91.34	-88.41
94.91	55.98	133.68
-178.49	127.28	44.86
-56.07	124.16	-42.41
57.99	77.68	-11.07
-119.53	58.36	52.06
-113.07	62.71	-119.44
-174.45	150.07	-134.41
-113.28	123.11	-50.01
24.07	135.22	47.15
140.1	106.45	71.52
151.24	67.15	-150.64
-7.24	125.1	46.28
119.38	61.36	-148.34
-116.96	123.24	40.68
-140.37	126.25	-136.04
73.8	56.68	49.53
54.99	124.23	42.77
-14.54	47.81	135.82
4.38	2.46	-133.26
122.12	93.61	176.53
114.7	54.73	135.97
-49.45	121.37	-127.87
15.56	168.31	48.72
161.57	34.45	-132.91
-113.76	63.58	-28.23
-86.43	124.34	38.66
129.54	119.24	-34.79
166.9	124.17	136.44
-137.01	122.35	-140.39
-117.87	121.8	-52.37
120.56	65.29	-64.01
9.08	51.38	45.32
125.85	73.91	-164.36
-126.23	121.91	128.37
-106.83	56.11	-133.54
120.99	124.9	135.49
124.49	56.76	40.66
142.95	57.89	-140.12
43.49	86.25	86.37
-139.82	119.62	-143.82
132.03	63.91	-60.34
-143.73	84.04	-96.55
143.09	53.97	-46.28
-63.76	123.92	-42.32
-59.86	93.49	86.9
-57.65	114.48	154.01
57.17	105.55	15.03
-177.63	147.62	-134.86
1.47	159.17	45.61
-10.01	165.95	133.43
-117.38	53.29	41.37
156.85	147.6	-139.21
26.48	125.53	43.58
17.91	123.73	-136.96
98.46	88.72	-90.19
-44.79	112.54	-25.08
49.49	104.39	-75.26
-175.8	141.83	45.25
-115.44	111.32	20.3
5.18	21.63	134.28
-65.65	125.11	-45.57
-77.06	54.95	-129.46
172.81	43.96	45.3
-29.55	135.87	-138.15
39.99	77.5	166.59
26.88	177.93	-138.36
108.61	58.48	-53.55
25.32	123.51	-137.67
-2.37	41.59	-134.67
25.62	91.84	-177.74
-136.17	62.45	147.33
153.76	171.49	37.25
-143.34	101.94	13.18
-170.36	55.47	-134.09
-25.61	129.14	-45.4
-45.06	89.84	-179.64
125.93	59.84	-144.56
-45.12	114.41	152.42
-41.75	63.26	31.84
-154.03	48.84	-136.67
-139.23	87.33	-92.98
-56.07	85.98	-86.16
-37.94	67.09	26.98
-162.23	171.41	136.98
141.36	53.11	44.62
174.07	132.03	134.66
-138.6	107.54	109.17
140.04	114.45	-118.81
-123.1	79.28	169.93
57.41	63.67	-118.69
-133.96	97.8	-172.38
39.3	74.58	-16.92
54.65	60.27	-124.36
-5.89	130.17	45.09
-8.17	150.88	-46.06
-42.22	82.38	-81.83
-62.24	122.76	50.29
-121.44	120.85	-143.89
116.32	125.08	-135.57
-110.17	124.58	44.79
-59.99	109.65	160.93
-115.33	99.53	98.15
127.72	73.8	-73.98
-73.89	71.35	-165.7
-47.89	66.46	-153.56
-5.57	52.82	134.81
155.64	50.87	45.27
-65.97	135.84	-153.44
43.49	122.42	40.22
12.82	127.57	-45.25
116.13	123.63	-132.34
-127.33	77.13	167.35
-66.39	80.8	-81.71
-33.13	128.38	44.68
137.57	53.76	134.08
-162.32	138.48	136.71
-13.55	52.75	-45.41
5.55	139.74	45.7
-161.68	155.35	-41.94
-136.25	115.57	-60.48
-58.11	120.67	-125.93
-52.82	124.21	137.65
-178.32	130.39	-135.06
-116.76	123.42	-48.92
-90.85	124.03	132.93
-92.34	124.1	134.58
13.15	126.51	-45.63
-122.76	127.72	-41.61
-143.15	120.04	37.03
-174.23	148.68	-134.4
53.1	124.72	43.39
-116.71	124.16	-47.24
150.17	55.66	-47.6
-114.06	124.3	-136.73
61.25	72.74	74.06
176.67	158.93	134.07
-99.74	124.17	-45.29
56.01	117.89	121.76
135.93	103.64	75.34
-21	124.48	-133.18
-6.63	36.04	-134.07
-69.79	123.63	48.29
9.85	52.2	135.41
96.15	64.68	-160.37
-67.75	59.95	33.68
-177.09	150.31	-44.76
-8.37	53.4	134.63
128.87	85.21	-175.43
-106.74	56.99	139.78
-163.2	133.99	135.94
-179.04	130.48	135.2
44.64	62.8	-31.67
11.15	49.68	134.84
1.29	41.14	45.03
-137.45	113.82	27.1
-23.59	177.71	50.79
-48.55	113.26	-115.54
-47.05	85.89	-175.77
-125.02	66.78	155.09
164.18	87.96	-176.65
-112.77	90.31	90.1
48.44	123.38	131.24
-60.01	124.1	137.41
172.27	52.77	134.44
178.03	128.06	135.01
-156.01	45.86	-137.57
55.88	113.75	-154.47
-30.94	100.36	78.13
-117.27	58.35	52.24
-54.34	63.04	-149.4
-147.44	106.01	18.64
14.12	133.28	45.93
124.06	94.25	-94.06
-44.81	103.26	166.34
111.53	124.46	-134.96
16.27	29.74	132.87
-42.54	96.21	-96.24
6.64	128.29	134.98
40.46	121.74	39.53
123.92	89.34	0.45
147.06	63.83	32.38
-57.91	119.69	55.77
45.32	99.13	-80.51
179.05	165.97	134.36
-161.04	38.56	41.83
40.74	110.13	112.84
-124.13	76.42	76.96
5.5	132.2	135.4
64.43	117.66	-149.63
-44.06	120.05	-126.23
162.59	122.96	-42.59
178.67	29.72	-45.01
68.19	123.32	-138.55
95.49	55.68	47.81
22.16	143.76	47.71
82.43	121.54	34.47
-170.61	127.74	-135.44
57.17	86.54	-2.97
-159.73	135.55	46.34
52.75	54.24	-134.53
-136.03	124.52	42.35
127.88	124.04	-132.31
-102.1	123.97	44.45
-28.55	126.55	136.04
115.2	99.82	-98.77
-173.47	20.03	133.36
-122.09	88.95	178.81
8.02	89.8	-3.34
-103.21	56.67	49.11
-129.67	120.89	37
123.72	0	0
140.18	81.07	99.39
-51.92	110.07	69.23
138.11	117.36	147.34
-140.13	123.17	-49.1
125.63	57.68	-140.84
-161.09	140.91	46.58
39.69	68.84	-114.04
110.71	56.19	132.66
-2.01	153.02	44.91
-46.87	91.86	178.36
139.86	136.85	-49.5
129.7	52.37	136.72
-120.36	54.81	-44.98
-7.59	23.24	-133.33
33.37	122.22	-50.07
53.64	81.44	-97.78
-21.88	170.59	-48.87
-32.25	56.41	-48.04
34.37	47.12	-48.21
-46.56	74.37	106.55
-82.72	59.23	-61.65
18.57	126.63	134.29
180	132.32	134.91
171.39	49.3	135.03
-89.21	123.98	-39.65
41.9	89.44	179.62
6.05	122.39	-45.91
90.33	55.88	-135.47
177.42	129.46	134.88
121.88	69.05	111.06
156.96	146.13	131.77
128.51	68.2	-66.89
-125.78	112.24	-66.76
150.33	51.42	135.32
47.55	67.65	65.62
-175.78	129.03	-135.12
-67.64	126.04	-48.45
-163.17	54.36	-133.89
81.04	55.47	42.35
78.93	55.3	-48.16
22.26	35.15	-48.02
-170.9	41.25	133.87
-140.64	112.73	26.13
-148.8	49.83	-46.56
62.39	75.68	167.85
-134.4	121.16	-52.01
-144.41	118.41	-55.7
-122.06	121.43	-142.82
-119.25	57.99	141.4
-94.4	56.21	46.46
-173.21	122.56	43.84
149.31	136.12	-48.46
-47.03	90.81	-90.6
23.17	87.61	-92.26
178.16	143.73	-45.39
-30.29	56.01	-137.64
-98.82	117.33	25.11
-55.61	61.95	-147.82
162.07	52.71	-135.74
-3.89	171.79	-135.21
62.27	125.45	135.94
125.06	79.36	-170.24
15.35	125.79	-135.97
131.23	125.24	-133.68
5.06	54.88	45.65
-88.22	97.64	176.91
-135.56	119.05	34.29
-139.24	122.4	-50.09
6.79	176.4	-131.67
-23.74	61.07	38.52
-158.25	113.98	120.08
68.42	55.03	-135.74
-174.7	130.76	-135.02
-53.71	44.52	-123.91
136.05	120.49	-37.39
12.23	20.19	-137.06
61.98	55.19	135.9
-137.24	55.21	-41.41
-80.84	55.5	139.68
-138.26	98.19	8.43
70.58	106.4	104.06
51.45	85.2	-4.32
-18.55	60.14	40.69
20.46	122.73	132.15
-8.95	179.16	141.54
-63.6	125.96	133.03
170.13	34.93	-133.98
69.37	119.63	-56.87
-58.88	114.54	154.16
-167.54	35.77	45.7
-173.62	34.99	-46
73.33	124.13	44.56
135.6	52.82	45.12
179.08	91.83	-168.63
-173.18	45.28	-135.6
121.86	123.25	-131.26
-92.38	56.05	-46.36
-83.61	57.58	124.56
143.09	93.43	86.07
-64.75	57.36	-140.11
47.38	118.68	124.11
-142.39	60.43	53.15
-32.1	114.25	-29.58
-5.81	128.78	45.23
39.35	51.6	134.08
35.3	113.98	118.61
-169.28	24.89	-137.16
-74.48	58.71	141.9
-44.13	57.13	40.58
0.61	131.62	135.22
-128.59	126.36	-44.88
167.62	36.36	136.24
-47.72	121.05	-127.41
63.09	124.25	-136.34
-125.42	120.59	-53.98
14.29	141.76	136.67
-62.62	126.61	41.94
-66.8	57.57	39.24
-141.86	130.56	-42.68
-170.93	51.65	-134.99
7.75	55.25	135.96
42.51	84.32	-5.69
178.2	122.24	-134.5
42.99	54.14	-43.24
152.51	19.3	-130.23
125.41	74.82	-165.45
-106.63	55.49	134.1
-119.31	74.27	165.16
97.36	124.18	131.05
165.64	142.47	-136.69
-127.82	112.33	23.65
-130.43	67.2	64.88
54	59.99	54.97
168.05	147.97	-46.82
-178.15	115.24	-45.69
-56.32	115.03	-26.89
120.79	90.39	-0.53
28.99	124.79	43.08
-7.65	125.46	45.87
-125.09	113.85	-64.63
-136.94	78.77	-102.01
42.96	113.41	-153.19
173.84	27.33	45.78
41.36	60.63	-125.72
65.75	95.62	-174.59
120.25	123.6	-132.04
-66.76	79.52	-81.34
86.59	55.85	132.88
103.05	57.4	-54.15
105.53	177.05	21.41
-156.45	126.38	133.82
-169.45	55.25	-134.03
