1001
113.730403460083	83.3166577789487	315.999402043937
113.730403460083	83.3166577789487	315.999402043937
122.627292102874	69.4877484356711	351.148643901828
134.172391674761	65.3034376578307	334.369001913626
235.568159721267	65.3395339989239	66.3147081662366
296.250119803573	126.408813550738	246.766619827099
178.254045558741	117.684958162076	7.55043782423399
296.841985205943	137.825570576515	250.873581302597
123.241502859255	79.5786811235152	324.303279368768
139.822901450341	77.9531998587290	311.764098022330
146.619899773978	109.731731007865	352.112931871033
130.391443184692	110.020501736611	55.2904272301244
203.498566012205	60.8206158687271	11.4918144969389
14.8052294261805	89.6105991584607	142.504916889348
344.650156589454	80.0450687687517	171.025610015370
83.7664296481264	89.7779028346390	313.072160668614
257.586927788145	85.4285802118009	64.1964831976380
30.1811248163112	111.845945271898	173.922484627552
134.763684119336	80.2249775164227	312.337628775256
289.937843774616	130.273413878895	230.723801563436
249.004592974880	98.5263954084915	221.294062171173
79.8090101571578	113.172915525421	138.917628134034
254.837876287107	106.005786466129	215.333009270632
268.505211532158	153.364185980463	227.147971964025
172.901473836629	108.407625543318	6.40967885412852
282.153066212174	121.024729149894	102.543975467949
139.390891272812	85.4744168354114	305.884405128697
343.064209412532	115.534074599155	179.408555515929
144.706220738241	78.4505272249026	301.548260535147
145.906567319040	109.893305106092	351.684359440275
310.241749160667	102.251194034637	14.9329990144946
42.7443703901448	124.392575069673	85.7694900999037
163.112489906818	94.2217634936736	313.482398449927
340.004041828738	94.8514441105224	179.077958868139
62.9537377399992	82.3071061439282	316.132901210203
315.582288769082	80.3006079453800	228.857105066900
144.589910305829	77.4902499602633	299.714222632934
341.354503351861	94.2257741982395	179.218333527946
228.885179998861	28.7710756824943	113.822649665099
198.726400536560	55.6582661345984	285.026449554755
224.203541854847	56.0673580003218	104.073772780948
249.224608768210	100.176513858468	221.344482457145
103.138705659295	79.5838377436714	321.527298851359
115.331247539679	139.956973574401	354.424243616591
295.931555269480	137.222246018242	249.891531641743
69.6052047836729	93.1486135433936	145.977614085636
144.572148614180	80.2702411822381	316.955095646215
229.556686534755	27.7162603816584	112.438383632063
228.728762520791	97.5311677183492	48.9122610547281
231.250349777161	53.9141826062202	85.1484038499819
153.151618638469	99.6935104371730	332.162541444578
77.8042308319950	45.9804360170437	152.873734107831
292.562563434111	128.340254278124	258.045866982045
120.348065993844	76.3987653605391	329.203214432727
317.948604462972	141.672982170818	260.742779323725
355.061372684776	111.383568331227	167.431445766515
240.406788301147	60.8824953106013	76.3139676068597
24.9786680365234	124.024736165199	119.314450131428
8.15605421368727	131.160352545758	99.7817459376231
130.264819511968	79.2601165894224	317.988711508631
327.439650339314	72.4625453079903	204.740165554253
14.6894919515640	90.3451310518185	141.950293743661
315.917469079233	141.681576537745	243.716192525823
317.227250598902	140.659419831232	261.454965863073
115.412607546587	101.962996263686	309.993085477581
132.954856360108	66.8825093412113	335.736079212809
301.467473486034	145.913442812581	250.204366597884
108.959383900029	74.7692733911870	333.257463791073
20.0134157839197	74.1332902385918	163.139991880985
162.148201937613	63.9684459951759	330.875678236714
169.655667927212	17.6757479797859	192.696592700603
44.9817705801307	30.4750521652134	340.203431141444
301.386113479125	156.441542298110	269.926146864082
234.462924134460	92.6598805441470	48.1353302845307
209.590826247831	30.6773062668945	92.8873447888139
99.2133718048534	92.9417757793514	310.745379062587
299.547491914551	142.842961988475	258.429175746987
132.596184780356	73.3374518611551	316.439433630598
243.385022920237	93.1142360756858	232.567006790372
342.170395252128	116.178652118677	210.501256184294
293.547477883941	159.652970739819	246.022920609019
255.157013778995	106.745474979643	215.024757976852
211.480441056172	63.5948775127506	97.8090522489877
260.128568567345	27.7248547485854	69.3531033538154
299.208873857628	120.297645707873	293.868334249214
315.794283153280	141.187686918342	259.695412474226
340.570124130327	164.606190878725	318.022516018544
109.253884206726	74.5853539389501	332.449593299938
138.811057984140	85.3116968215942	305.258162258619
63.4848696160855	105.032331172202	141.526304975265
221.203534839542	29.2655382596922	72.4917661555420
256.631807143662	25.1889435473364	60.1577036997608
128.681164166227	46.1655013848710	329.854667445791
241.568173751877	58.6135824418832	76.5265349488533
116.020515767221	68.1458812794747	323.930856801933
30.8921654400686	111.420810587911	175.892886485007
119.377475488892	77.0089654123534	329.192328234619
283.788860717272	77.9033525305526	220.560676193406
30.9655040378453	112.823984228186	106.844023720406
69.2430954571503	99.8390417171362	147.095454743936
241.894186737307	146.967685155622	300.858992307605
144.222071401355	79.7711949426791	301.268657131124
310.478953687852	102.004822182731	15.0326936708474
359.107600633990	109.759232982031	177.195219553339
93.1761155175599	86.0422180103860	308.457558586630
350.089244938631	137.858229170837	104.274308009244
246.601607982101	74.8512063558907	285.381683387736
231.841069263941	54.0442440257149	84.9203666475198
291.213247826578	95.6318126274906	228.117989511181
28.0697753412542	103.098598613635	110.756179545559
186.183208485556	111.181314229546	3.44462226432651
203.057388509954	52.7069605318796	93.5726023117904
231.623345301791	54.4115099723938	84.9759435536475
359.589458139695	109.464159717539	177.207824624832
89.8873377735089	120.918158999999	147.412300404644
50.5423259818753	16.8363648099192	323.263933928401
114.866578767827	80.6948029084300	332.781335863319
266.529080096752	113.085825940561	58.6983801955626
246.702448554044	74.3258040577558	285.614304252559
70.8886302447660	113.164894116289	123.123473553458
328.856574966673	119.669111006614	202.425989019720
53.4495138343691	107.737264923015	171.515488930207
139.918585402128	54.3026479913189	327.040871713903
192.666225937461	18.2653215509755	167.359826042123
300.192642391868	128.570010353971	224.094106915977
0.532850749471666	82.3953416443783	175.035168665696
309.551907975330	144.117793082641	255.656060018554
291.185172894616	94.3695866048174	57.1840527430318
234.336300461736	34.2903781229895	75.7633551657390
101.116737600278	80.5504175440570	326.379105460527
135.779538290103	74.4358119544209	332.777898116548
34.9280801489701	93.9519003721670	159.110379707830
146.241747629191	151.747872040399	336.512437025211
129.805307360273	110.491473044208	336.873400436143
124.648114246301	50.0753653788437	333.695203546553
247.037055906401	64.2560708083316	89.6604464866371
342.158363138430	116.983084863041	210.013096142842
244.440411178868	70.5333964117849	94.3501060397829
282.396573275104	154.450513960031	253.937186633161
222.164385061977	29.3772650297427	113.559089079339
147.312032790496	93.9702350216112	314.130413716220
117.820749159522	122.999714669709	314.088014839381
126.997814164132	48.0213116832997	331.617085623613
283.132251084053	154.339360147775	255.597618323451
315.911166543487	140.350595579656	270.900748073600
146.683498089237	109.894451021682	352.378211330178
279.152486239074	87.1537561329398	228.957945638843
73.5523110343292	127.385706591436	122.329927007202
328.979760892626	27.6652671378918	38.5486004564018
193.207671053860	70.3145265340449	342.464322601030
109.618858322224	74.7509387417429	332.117277778762
39.6274799846331	88.7752266931600	138.548070356175
287.743988377061	158.692120517384	253.315527425444
299.274764004068	120.523391079154	251.187562174329
49.0136745844663	121.790200764188	163.600649948270
269.244327087876	55.2165156745526	89.7595681851948
267.710519070311	113.895415305081	239.210452424914
146.794651901493	109.900180599633	352.368471047661
56.4019653526782	102.363493762483	163.940986878578
51.5140624024172	98.7418275394607	144.866075963082
55.9825602466425	102.339429535087	164.026357590052
20.8745713500013	116.404970447754	157.054034181105
13.9647003407236	164.358100153433	269.427100624523
23.5720566494772	108.015149453653	121.120986059476
89.4851214013271	124.985013429838	0.275019741662795
115.617153479449	85.4199858448739	317.972668690368
178.312487253844	117.091373886320	8.06094321969555
130.244193031344	79.1140123516641	318.048299119325
49.8650898680307	12.1186303248120	331.102569523586
271.423285582759	37.7481784166040	74.8598007228177
353.492041283913	106.780998362941	149.766583984836
319.112854702678	125.566565591896	212.078608994289
326.989878470137	131.305883825721	213.964786055860
308.005494886272	119.974497511419	206.585662612370
75.8745089779944	73.0813397267316	323.348731682080
147.513140976587	93.7507921860761	313.914981585251
130.265965427559	92.6988416742159	313.900084682578
243.416535598969	94.1249336262965	231.879457436215
291.959811833633	96.3634797318726	227.676812008930
124.656708613228	60.9409370057046	355.196017766632
173.071069343987	112.647513227286	13.3808563474852
23.4803834022563	119.208452939329	168.513190083722
325.527117219167	144.867221878673	247.030180412859
346.378770257364	117.808144088029	265.139084485764
354.773174913825	111.001405481875	167.183927999018
91.8812309005642	82.5179546125363	311.658673788026
152.149515454785	123.039821715369	338.389446762059
291.158816836040	115.909361954966	266.995467741988
99.3589030848166	92.9950608542985	310.770016247778
144.212331118838	67.4978660131818	343.712224678825
271.623247853260	97.5838798355013	228.481817711089
230.984497360221	54.2338930559032	85.3873272505514
310.002252802303	69.9380932626440	22.9206036364135
71.3596015523635	113.650762326560	123.972024048046
332.508034995041	56.4294673268445	201.792870656100
180.188351075102	30.7855952901743	350.420987502011
291.548428136729	149.811847650652	260.977692019729
130.621199260540	77.7675615331066	344.981899152835
70.1374825753495	93.1646563616573	152.326559413481
147.082276714648	94.1902508149414	314.337824438058
211.054160456595	144.145868014603	202.328013236752
270.849181872038	146.711573021199	236.833823490711
40.0910028408940	134.482361841926	73.1346248016788
161.614205272551	66.8807904678259	358.248163941294
226.468444018999	74.1355820697723	94.1054530612621
280.399242401278	94.5185556315514	40.8994462898236
195.126506709753	91.4222917066644	353.573401290821
173.036118918484	46.5900631110629	270.319195911542
231.861695744566	27.0298569430917	84.4052775896972
343.126661812201	115.634915171098	179.452673266154
110.745293347451	82.8170385815946	311.819674928458
59.4982292775652	85.8823627855445	136.586262865647
37.5086820582393	100.118645121160	165.920556060755
348.097643642756	162.524635209014	346.308869406358
188.521449247485	21.2641826506902	159.712558350512
244.922268684573	88.7620486638720	234.460059345484
87.1325566945200	97.1667665606461	302.194556928055
66.7146327072379	106.472174111366	163.956456739046
213.718987161748	85.7477177036888	29.5388391279696
230.762189735710	66.3238754909587	101.702873424697
329.751535042667	6.00115994620024	38.2609756432461
290.816188074552	113.532160062968	251.345125567990
182.514559723333	107.282336433681	4.53897165302638
96.2998814166131	85.5861436054619	304.336273166254
48.3771184740759	121.877863306843	162.987012149685
196.053552422275	70.8788899622488	338.451899161729
144.679291721870	79.0802078417514	300.850397940678
292.158628188543	150.245003743770	261.194270066288
309.122762586777	135.121782741292	272.275273824119
118.900774603344	87.3663234749333	321.723823375089
299.672396713889	88.3787398989295	233.228773043748
93.0013633900450	85.9958084289804	308.583036343764
67.8445054792359	106.511708199230	144.287388590000
310.233727751536	143.573483177267	255.644027904856
297.202375659080	126.151555500724	247.063411964977
171.129888334084	21.2028761666112	168.520065577263
266.145771331809	47.6987364446410	82.4090926314614
70.5780871198051	137.036607692620	77.2696612091380
285.748376376620	152.489852385093	272.663739209217
154.885388926535	84.7719705785809	313.186179269845
77.4896770024682	111.377838753276	0.970590504951615
191.844031501449	68.7629568248306	342.183000323621
96.0082458988915	48.0831911251738	180.413523488589
193.334867684379	19.2937807932353	167.038969676850
289.646208256895	130.269403174329	230.463678724447
29.6465551934542	118.780453466366	95.5630576920749
239.574853582617	49.1930103743422	74.4386767433966
153.151045680674	98.5464489313211	333.026561799635
115.477351777437	97.3718854513029	317.842034313078
266.683205743642	112.860653527074	58.6296252601469
103.910479809336	93.9610676968891	321.108466703119
109.049911231659	74.1877212291293	332.972703766893
261.347822755383	151.270598197055	230.575405494497
345.608714980708	121.975266132016	270.758081582612
270.607393682493	146.254352700684	235.994440320845
229.276510172936	97.1954144504026	48.7501139987061
231.539120505907	68.7251416103520	101.251382682134
249.317427931022	98.8283441665254	53.5927532831518
340.767794569647	150.943439296035	253.968699311894
109.257321953497	72.8991391478800	331.959141427306
223.713089982215	26.6448293047638	95.4519038798195
123.503344571629	107.792841829142	60.9054136224065
358.946026535763	148.798858268860	254.264918491976
151.291224677679	63.1313546564898	342.352595830979
226.003202289353	64.1420522071005	109.778140589271
221.384016545009	100.634307136778	44.8499902872506
324.027113711515	15.6182565374711	48.0860559141495
302.274198061578	147.371620401189	231.415934579954
119.985383709526	76.3403236654358	328.542594094941
51.1823198390364	111.922148658650	168.895352933074
105.247190345376	129.549195225850	23.0495191403179
116.192976063555	85.8113160189483	316.672627453216
120.055857518327	90.7610984110834	306.439601232179
96.3497287447895	83.3894234189303	320.276531984589
233.554213071382	46.2124839240717	95.5493067049917
22.4330165527571	118.613149790188	168.475947827038
232.919948792173	41.2409291357215	55.0108238261006
263.244313057267	27.7993392619524	70.4451609113347
210.091018402980	71.8855768082936	93.4018608888414
101.156844645937	93.5393707596728	323.406600419388
130.513483195055	110.439906842647	325.623947086545
251.381221909083	48.7289145602863	92.7630129472705
189.400939463011	118.639505848764	20.0873273394915
333.303873372478	145.060308655632	261.261306128319
221.282603015270	100.752909400370	44.0283688090330
25.0313801536754	115.445839098705	349.001198085677
61.3700823942576	126.276460300063	138.668391493152
171.168276506358	78.7060664015309	327.060352278938
212.202367878037	44.2122882612700	65.1126427120522
67.5700586953682	102.097068387747	125.506977981202
23.7427980724262	124.220687731133	117.510206034561
296.180218952567	124.355905770784	259.824327978131
117.971437059641	123.321716950573	313.778617630010
252.442912703460	47.7835341983204	92.7435323822361
4.95894971685728	79.2583977160370	172.136002222334
142.092387276854	26.3829875923890	208.891817737771
263.366926025424	41.5549100074532	79.7545791666203
222.065836321214	58.7568218906659	83.1974825575614
96.4047326931221	105.435693459974	309.934070824682
353.522408047055	107.422138135693	149.981443158010
190.267251649249	69.0849591056941	344.092668654792
89.9320284815291	82.8365191466290	323.121267437413
353.485165790371	107.109876137346	149.582091574804
291.988459723390	105.831607296409	18.6612353874109
320.443262702972	142.860150722329	258.430894620372
22.1442458240112	119.262883929866	168.273120767562
152.239469828621	81.5972114357611	334.175342178872
93.3033121480789	85.2354934348418	325.619936381979
133.818303757370	66.3542422541006	335.299485372919
142.093533192444	84.1766674294400	319.916141531451
165.776170696382	83.4427084938775	318.551356063450
112.607406181627	83.1648239632390	312.414405119803
306.024206830709	152.341456316154	265.310971824303
358.610846225612	138.780691220998	292.914932478116
172.425918866670	82.8548537960732	341.202669536152
233.263150511456	46.0079379912100	95.9400639212710
225.325393217713	148.990799130229	290.021495612705
119.639317201267	77.2129383874200	329.544124320830
10.8953654322077	132.587017455634	77.9451784495972
130.748395891059	109.921952995848	55.7253021966287
93.1125172023003	85.8955408148325	308.545794087080
106.322059169041	70.8995164428735	318.145128986702
30.8228375468578	113.419860335122	107.459953350171
134.787175388936	156.030731559001	332.037636645239
306.091815850535	158.403349788638	311.377351510617
324.489490652186	111.739375122003	195.657638585839
247.513183834155	75.9587337738786	283.497225199551
294.534111207156	74.5217556236905	236.410407680110
251.275797674779	105.361208946607	38.4603649559516
289.451402606550	159.634636090374	231.743093480974
128.286969203177	59.8271070519703	333.484928035740
110.988800410382	85.3638359809511	303.234475326217
152.423962238653	81.9862497786549	333.759374819607
247.289157336258	75.5570903594919	283.945278195343
130.280862330232	80.2329989255546	339.979977601343
125.478903049241	81.5215810068038	319.343183736321
281.836220551467	119.961319482131	101.940077951881
143.190174412325	82.3489320629727	316.457768280042
125.166641050894	70.8210212249405	348.264947318934
29.8316205612814	121.704830052714	90.6562471345745
294.271696536986	145.194953737487	254.100479604774
224.990785865357	56.8901253941297	100.517423746571
62.0885714693517	95.8781844793968	144.952592590147
140.764271107741	83.4650538478875	307.352322999823
296.634001526310	123.725652196140	260.620739313362
143.560878105774	102.152645293874	338.051401662932
74.9772570708195	72.5020793958544	324.025967795925
40.0096428339854	88.3414976422460	138.883823624121
139.479699731057	78.3777615849210	311.506839972316
51.0081406693167	17.2116521657299	322.963131085957
14.3657707973151	74.6076992929601	180.411804615203
135.149284715459	74.6294716891751	333.272360693746
315.113609292665	141.631729209569	259.093806789339
35.6299534480054	94.1151933437793	159.030165616511
29.6413985732980	122.968201990977	89.4564735115706
112.955764521066	67.3712423404579	299.860899828487
189.977907962708	75.9209185594000	26.4471588654437
130.066003157058	83.1665428366244	320.383102134483
276.072265132450	71.7916117298922	225.241741379624
144.510842130101	79.6720732441215	317.364760469734
130.488846009865	110.782535604135	325.138078876274
100.157033293434	85.1157452556595	319.101395546775
254.349716245656	107.959572547525	215.693399723769
1.83518381780403	92.1740123338761	176.344950185365
39.1484872679038	118.685342472374	174.937765840524
70.7769034747155	146.146063677405	14.5061454571222
120.484429949085	75.5502148659504	329.407760365589
113.822649665099	84.2769350435879	315.366283680317
340.586166948591	95.0674491992867	178.325092325337
244.141327209810	33.4446924173764	55.6576931768033
224.195520445716	149.741946799646	288.865839739927
23.6700324324446	127.979290867191	264.039578476908
209.931163178139	67.0664287934483	73.3122417181694
99.3256715326990	93.9473167098060	310.745379062587
286.452541506836	153.352153866765	272.789216966351
99.4557329521937	134.824417645619	37.9859559015833
343.020091662307	115.595381083234	269.372669633986
321.274051505911	135.761776598453	220.713082966910
67.3615020579406	84.0752538997019	15.1312424116099
165.584229835013	176.312864548837	184.345159878776
67.2085223266407	106.142723379166	144.497091143018
292.009659161809	150.330374455245	261.239533732104
228.265239664530	42.3828340214173	64.1454899538713
102.629346179423	59.3693137736608	347.381446398842
292.838729091364	159.400869309961	245.390948160990
233.795428303132	90.5244668416944	48.1490812716139
134.583202413869	79.5064884413287	312.599470487631
289.642770510124	68.6197173760479	235.200320816793
78.6281441413931	120.488440653651	164.340338461784
335.919998665046	124.763851720917	0.700727383444997
233.875642394451	46.2119109662766	95.2399094956211
353.512094806742	107.060028809170	149.575216081262
323.094911378837	137.211932777930	223.420308548903
324.437924450624	118.408603857326	279.594236699120
331.146114316015	25.7911221900189	36.3352644938114
278.498741394830	87.4648722156958	50.0896893237220
323.874133980215	136.338172140355	223.546932221627
45.6698928920828	114.181321244851	175.124550081736
155.253227831009	54.2505088319620	270.614269176034
63.4905991940368	104.541879299570	141.088565219785
157.185814473985	65.6792979714365	338.496589869749
53.5967639877177	107.848991693065	171.487986956041
235.177402504988	46.6290242411318	83.2163901648008
298.501843938437	146.186743680859	247.145344929681
317.596808376762	84.8688004459581	255.466983946161
14.8143967509026	89.5979940869679	142.517521960841
146.497859763615	49.8771219817284	259.796826003964
133.028194957884	66.1164647691214	336.346852222418
284.635119380681	50.7686443109520	247.414635093392
350.496044973174	137.350015606556	104.807731716511
155.568354618331	60.3421961097929	295.225671265879
121.598832860615	25.2777520055817	234.583245271437
260.551984377947	97.0997304986157	218.287179662326
132.404243918987	67.0137166762962	336.743911974444
224.706025841177	149.253786758194	289.779707423160
158.360377954003	110.494337833184	355.774132181919
268.292644190164	153.200893008850	227.023067164686
291.967260284970	151.229918193600	261.289954018075
268.116173189264	113.968753902857	59.9760760787043
240.102547711933	49.8192532444202	73.8817617665294
67.0606992154969	105.648260801968	144.534333399702
295.189001966990	152.461204495336	264.057913126352
182.478463382240	107.345361791145	4.59282968576868
250.467927183644	42.2630858422349	102.396725314600
124.638946921579	60.1387960925215	175.605834629646
111.203086625761	85.8915301102666	302.761212187439
247.489692564554	45.7443774054498	65.1745221539263
108.442003011026	75.1256531397584	332.650128528234
297.812002753099	56.6466183311991	226.595640649519
146.942475012636	48.0980880278472	267.285384386324
97.7993119664705	75.3004052672733	321.271759674731
50.9938167244384	99.5084450693457	144.569283825204
335.244481424586	152.100814042199	264.173650600969
130.208096690250	110.586584038200	67.1523724627179
89.5865349310652	121.727175406724	147.927389462466
151.738704715676	63.6825400554056	342.123412712927
340.895564157962	113.160883411723	181.145190592971
216.735609953112	44.1887969916696	62.4191681171422
145.934642251001	48.7140176576129	259.678796698167
228.720168153864	58.3402815736058	106.699638356033
193.146364569781	79.8886512906809	347.988208703886
343.410275920791	115.754090392485	179.572421445337
296.157300640762	159.146476048923	259.976734751635
66.1697498440685	34.7361392876013	320.050786613307
298.498979149461	145.044838795163	253.725765206758
252.863463725086	95.3109562622173	239.720384862580
205.773208458874	40.6903166946008	67.7866367419277
115.665854892035	68.4432463751476	324.020811175769
67.0761690759655	105.452882193828	164.229184649528
142.406368148586	26.3165244881538	208.630548983192
49.5946537887289	17.7318978437087	325.091096337073
209.672186254739	68.1974474810365	6.82392734000811
110.017063989840	141.604227235402	45.1983486266901
240.820463829231	143.874286019711	297.973003893531
299.181944841257	89.6827918406472	238.441543063848
211.130363843347	43.7585056875264	65.0095103089286
96.4299428361078	85.6835464306341	304.352315984518
108.818436282426	88.1054390306521	324.327343596164
65.1687925759750	90.1789732912305	124.784478201542
135.099437387282	74.4484170259138	332.964682357761
318.767934110009	135.723388426180	218.703147021591
19.6610467399142	24.1587654316912	356.023941780596
110.434750222491	76.2274509797950	315.965597534024
212.088922234601	63.4035096091769	97.7500375960892
285.233860276592	152.622778593563	272.119429303843
145.130209506638	78.8836833180215	301.736190691950
209.284293827436	68.8162418997778	6.09856277137248
130.750114764444	110.570541219937	324.731851799526
293.875209742755	106.150171830502	245.986824267926
30.0499174812263	87.1789662759256	129.859738350811
342.405880905926	115.797635184915	209.805685421005
128.265769764757	59.8471605747999	333.498106065028
157.488336189814	109.792464534149	354.599568701901
115.061957375967	75.2585793482288	345.916966274488
293.871771995985	105.369230355739	246.492173043231
28.3602649433855	126.758890763563	87.9518863415570
3.03209265183232	71.3916871888908	184.924993167449
285.532944245651	154.168618724826	271.765341386452
252.909300348697	117.873461276674	226.890713914011
288.418359701930	100.274489641436	228.723605900634
315.094128727630	139.414955500208	246.349506552244
36.1364481389010	94.8313905876928	160.026539222244
26.6041493013095	96.8739851273342	153.838022077036
294.268831748010	83.9898831882274	219.521330753038
225.436547029969	148.898552925213	290.244376195011
356.863324950462	75.7524689676315	163.597785159294
14.2867026215871	166.266622569014	247.148782676451
71.5303429753125	73.6262225899011	320.912515137184
296.899853943251	163.369747956832	259.895374744727
297.991338542975	126.419126791050	247.739502163231
221.171449203015	100.155887377844	44.8247801442648
120.094818648396	76.3185512692208	329.448440369043
67.2784231776467	111.208816203712	165.279989245798
342.314780616501	116.264595787947	210.959622420398
194.711685266078	66.1771982954052	2.14801877394546
231.395308099329	54.0029910644655	84.9954241186820
299.142410753393	126.376154956415	248.077547262358
147.216348838709	79.9276124207498	319.032640611360
209.849230213435	68.6311765319505	96.0896059058001
228.468639681801	28.4943370674461	112.971807339330
89.4862673169174	122.998568754119	147.876396218700
223.259880366267	29.6551495603811	112.775855773395
62.5755855952129	96.4093163554831	144.672416228328
293.362412516113	105.400743034471	245.313598858647
101.217005214426	66.2700174582164	316.367813906206
126.136085640256	81.9610396356691	320.136730282577
276.898470273029	163.948435329914	288.453310127432
325.389034390541	161.720202464651	317.722286133895
115.104929210602	68.8637973967736	324.613822493729
30.8692471282634	112.957483394452	107.170036705835
257.432229183459	101.105851402170	243.998087761027
309.776507431021	143.359196961888	255.564959729128
191.157055105087	69.0964182615968	342.971963207516
131.760812315055	73.2606755166076	317.081719318939
132.896414665004	83.7056961218425	323.505722117946
291.998200005907	150.167081483633	261.183383868181
181.628194014266	74.5905105591062	324.399536278350
358.751220885419	20.3720873636716	10.8993761367737
47.1578642860375	18.1123418196756	326.756111689723
271.773362795584	146.229142557698	237.684665816480
216.887443768822	57.7833665967387	93.9003341706052
288.379971529656	67.4159330484781	231.521358814258
251.260327814310	104.993370042133	37.9905395639444
295.281821129802	137.402154765913	260.479791695760
157.445364355179	52.6874799668451	256.881043784544
235.490237461129	66.4201324005407	65.7509176958279
99.1858698306871	93.7313116210416	311.152179097130
2.65795121161189	91.4211457910741	176.292811026008
78.6756996383890	115.392554023758	137.991155379307
303.235621241808	129.580134946787	274.884523623144
27.5346327606020	121.170833387652	161.441744976217
67.1535183783081	105.646541928582	165.304053473194
123.534284292567	86.5349617141985	323.320656750119
296.154435851786	124.484248316893	259.676504866987
155.375267841372	91.2160269004173	314.628886997984
284.604752617539	48.9363252821236	247.867844709341
237.533404958566	72.3668613562035	82.5059224988385
312.779379235302	158.160415683503	285.284280562564
351.268965038805	134.600391147723	300.145086894872
130.110693865078	77.7205789939059	345.154359449169
236.084394694680	115.491675722315	221.542152896465
67.7665832190981	105.119993714857	144.683302426436
175.386964751906	75.6510554378934	327.874525305818
35.9977923524794	120.939358438419	170.020069084916
108.948497701921	74.3624733566442	333.083284621353
315.457956927538	65.4059971031591	35.5090593532328
45.8228726233827	103.739165428592	174.500026085044
116.103594647515	86.8139921604272	317.353301313831
232.419183679228	54.0631516329542	84.5960725354758
294.734073477657	84.4356443528392	38.6992883565212
343.492208885494	116.495497779384	211.273603292130
135.110323585390	74.0221364263364	332.551006829676
101.443323543503	66.6298349535586	316.134620083588
130.102099498151	83.1980555153566	320.294866634033
332.415215832230	25.4341694836524	37.7905772934437
195.347095460879	66.0809413858232	1.56130999173149
114.907831729077	94.5305877452491	321.538758007262
249.022354666529	99.5227690142240	41.1658716645594
285.063118853643	154.987948371863	256.752128280639
0.0882355004501468	139.105558290837	113.839838398953
169.424765935775	175.156062760468	189.297807059887
52.0595182233817	83.9383169866656	179.986669931216
31.6060708528016	88.7408492254522	173.737419259724
36.9655180684553	122.864496630059	86.1613932317732
331.486451246323	93.6161471042203	178.466612900734
226.769246861443	74.2450170086423	94.0796699604812
340.883532044264	135.771516880971	10.7813468309767
33.3266631115795	96.2391478903293	159.518325657963
341.363670676583	112.952899732091	181.209361866026
74.8844379080083	88.3993663795542	145.190370075126
115.405159095250	94.1426953179456	320.517174258544
119.579156632778	76.9671394933089	329.402030787637
18.4733052306080	175.071837964584	203.400590229237
175.349722495223	76.8004087749258	328.018910670191
285.492837199991	142.425848713620	270.604528893517
139.607469319372	80.1080941262161	320.988718523936
236.992532799962	82.2286109259952	279.049926793745
68.8540571142564	81.0523285725917	306.549036171049
179.433765658915	73.2813019972323	313.241183218177
153.952613636062	77.1596533124728	304.768856301578
127.519205757701	59.2392523541661	333.683744390650
111.422529461296	85.9064270129400	302.882106282212
93.9713809372014	85.6789627682730	308.253585611563
70.0205991851428	101.426707767444	167.473271685559
250.120714759795	46.1483126510170	94.5987697228697
205.637990419223	166.066087340718	200.344433350010
185.531182514697	118.378810051979	5.85104500387597
305.895291326805	132.832243391950	298.028580799659
247.577928065004	97.5861716666818	214.621968646875
240.724779877445	49.6679923865057	73.3540676372139
5.39554355674696	71.9084951200988	196.556036408605
242.288954658152	93.5273386459751	230.935795947635
97.2269271291348	107.024505425872	315.263151277194
114.888924121838	96.2271157766315	317.887297978893
305.028406182772	101.312116208418	12.3403649915277
47.9617240726061	71.0370263137049	133.877318410268
237.446888331501	24.4498279916176	66.0385425089836
163.706074182574	93.5915099190297	314.640346153887
37.3895068368521	131.338542420043	77.4564454503506
232.410589312301	43.7493383628043	129.245527594431
332.174000600480	24.2487198055267	317.647228662733
247.496568058096	95.1516739951709	254.886577699693
38.9261796433930	118.616587536959	174.675351170354
81.6430480593715	28.1849398580755	313.223994484323
185.849747048790	100.540915016171	8.04088969686597
247.587095389726	69.1267850247387	284.513652328113
115.996451539825	84.7507711401611	317.851201637800
140.829015338590	85.2807571006571	313.420519008053
231.767730666164	53.9657488077820	84.8550494588749
179.847441187000	64.9608088963425	2.28380977139146
106.497384254352	71.2089136522441	318.438483377809
130.633804332033	77.8832990077231	344.096679359358
342.983422363418	115.925404773229	179.744881741671
264.308868640620	92.5899796931410	235.407731538631
64.2388820744776	108.538832878403	355.456140605621
12.5317328951014	104.581986345229	169.655094969417
101.882782172368	116.669676949104	319.304795564047
163.656226854398	82.1701692308919	346.583889148020
210.583189148997	44.4993401166305	80.6415178334828
296.507377853586	124.160527162645	260.115963495852
109.023555173083	76.2732876034055	316.690389144865
328.661769316328	154.268886338974	283.786568886092
226.314891329904	90.2047563920114	58.6571272343132
236.474578953164	115.650957989362	222.307624510759
131.588924976516	74.6564007055463	317.262773982201
142.820616634465	98.0239114221618	327.523875135198
283.806622408921	20.2254101681181	67.9361787264568
242.217334933760	165.031325562712	193.966267174613
344.798552658393	111.034637033993	191.484214006107
15.9540098054178	160.401253620259	281.803561957144
284.878626443611	50.3011107501252	67.3099358563788
328.395343941592	166.580603440745	322.925315871478
166.412153848977	108.645975986092	351.984016367128
296.844849994919	152.616476057817	262.178038600528
317.161933410257	141.814502746215	260.937012016275
329.626630243329	107.220456991807	261.718526448833
253.340164610635	95.2192830149964	240.242349413944
30.0928893158611	111.416799883345	173.762629402710
219.007960568601	61.3374237999352	95.2857461192316
99.0472140442654	71.2685012629377	327.519291472837
63.5077879278907	83.3401490485490	308.310881391076
227.249385493763	94.6365849373483	51.3696770380442
18.1409897094321	112.169666426147	105.534815158532
123.366407658593	85.5196805012267	332.598562326672
23.8785890698722	150.288548536200	52.6519565835470
41.2128542037601	108.882607555481	129.066764762350
209.423522571653	71.7394725705352	94.0934209475643
304.125997655441	91.3879142389566	232.208335210620
243.943083812694	70.2709817416150	95.0473956764571
126.847126264013	82.9556943680162	319.480693607152
340.649192306055	94.7385714248816	178.648813479586
17.1950363896711	25.2462393268495	357.242623010839
267.142144937541	114.132046874470	58.4909694737252
177.947513138346	103.425184556860	22.5917258620084
296.519409967284	123.710755293467	260.484375358121
255.131803636009	53.6746862478555	58.7579678062562
152.273274338534	100.994124632120	332.089775804596
251.443101350957	106.209759441196	219.304179748684
295.069826745603	85.4165480981031	218.440732351422
341.275435176133	112.334105313349	181.053517345750
262.875901194997	66.5754039630212	284.845394891494
321.711791261391	121.241880154248	276.196596973994
191.118666932813	70.1277422928322	354.022027244409
30.5088566751261	112.744916052458	107.084093036565
272.666603998193	61.4290970471561	89.1018126363846
176.915043191520	104.938366093801	16.3734149114535
145.608629265572	48.0963691544618	267.879541619875
73.6107527294325	29.6614520961276	299.914757861229
276.491097280691	94.2807781465721	235.785883683417
104.013039254664	102.172698816704	319.415949376302
221.758157985229	100.399394440774	43.4032718545453
66.5043571964249	105.789781377365	164.301377331715
322.846247695750	138.413998232114	262.140223386049
31.9154680621722	98.2118415789647	124.585088888836
102.176709521270	97.0315485209952	311.727428723442
115.165662736886	86.1717064720856	316.928739587639
160.986243529088	62.3257759965358	343.755196513460
160.267181496199	29.1440712071245	196.741674734227
112.440102505448	90.2116318855530	40.9796603811419
297.341031445502	125.461141357591	246.705886300815
160.183529658110	28.9292120339504	196.862568829000
75.8802385559457	89.5429901386353	122.564266745410
191.947736862367	68.8998937378669	343.102024627010
149.858830189852	82.4921715117554	308.363020550433
241.165384421900	61.3190891504910	76.2772983079714
315.688858918976	80.9142457439651	228.721314069454
320.621452577257	136.829769928577	221.353076824071
293.593314507551	105.283286686469	245.479183661440
109.421760840699	111.890635979918	34.5459172996179
281.958833519625	82.8474053447365	48.2247117005711
315.657919198039	141.133255927805	259.599728522439
239.189825944289	46.2027436415545	66.1399560387217
157.043147982998	77.4936877070341	10.3310020040039
289.142578354975	152.629081129310	232.607113836031
254.836157413722	106.239553246543	215.376554063062
319.940205758847	144.281086054254	259.028489600694
342.860236437465	116.174641414111	210.341400959452
318.842991581171	143.776310236743	257.936432043175
143.705836427942	101.667350041399	338.239904777530
331.829652965607	145.934069293206	272.264387626011
323.473636481419	112.110078815453	285.083172376473
258.606792663478	90.8951705351441	234.465215965640
240.275008008267	59.3217582766649	78.1136280413657
119.588323957501	76.7436859532079	330.070672534555
249.882937274816	100.244122878294	222.219389010309
110.777951941774	83.6673079495687	313.268685192344
240.172448562938	49.6181450583293	73.8055583797770
115.938009844722	103.324343984917	311.086288950690
230.942671441176	54.3473386993391	84.1600516533812
290.930206675783	94.4555302740870	57.3238544450437
15.8686390939433	164.411385228380	271.517823618956
222.909230195647	35.6649038735084	61.7934982048593
267.522015955713	112.992433819955	239.833257548221
130.170854433567	61.5339483236650	335.576223987967
326.146484595704	5.85792049741754	41.6609071995524
228.674331530253	28.0600350587369	113.669669933799
116.119064507983	85.9688794126092	316.598715897644
225.232001097107	149.143778861529	289.854764894322
238.883866481689	101.047982664862	51.9094032810575
291.761568436518	96.6528234184137	226.970355047534
32.2936202069586	88.5403139971564	173.840551662848
110.272603166469	141.571568641080	45.1679818635482
67.3821285385653	28.8117556859486	329.029608220802
74.7526576151282	103.653221759322	147.285103774125
110.139676957998	140.927564079353	44.5617925162998
251.436798815210	104.946960460728	218.908265912248
282.697376117548	104.150549125496	247.044504357738
96.2070622538019	108.753692051577	135.222050355440
77.9073632351186	132.726246199850	344.255961626404
44.5566358961436	95.5653495232554	207.197581537569
32.6855233388281	97.8359812653589	124.355332812989
190.314234188449	69.3851889903427	343.964326108682
266.766857581731	112.846902539991	239.019657479135
46.9951442722204	102.491263350797	148.805160804607
151.475717087711	80.4174913355867	333.936418778303
226.924518423924	96.0139754768428	51.1158567348013
209.991323746627	67.6370947573986	95.9486582881979
257.672871457414	85.7276641808592	64.2010668599990
267.043596196779	101.741261596971	224.179477627452
107.913162966120	70.0584143996214	332.229577506608
317.161933410257	147.429489138498	270.251013933921
291.751255196205	149.745384546416	261.412566986233
152.602725070734	41.7812283365299	265.264562242898
299.673542629479	90.3949783799948	239.059191566999
41.6305404364105	109.008658270410	128.934984469470
35.8929410759704	121.204064939769	169.714109622316
324.903739138065	162.150493768794	317.454141885774
240.095099260596	49.7791461987611	73.8221741558358
112.117527266790	83.4828155395366	132.142975164407
119.123082227854	16.9526752423308	150.687900119407
153.716555024468	76.8857794864003	305.219774086346
30.0493445234312	113.522992738246	106.505978621278
246.743128557499	73.5941369533737	285.660140876170
154.907161322750	84.8458821341528	313.122580954585
115.893892094497	85.3626900653608	315.753030192031
321.850447047813	135.493059392537	222.742499477264
324.143997101722	112.328948693193	196.055271295660
52.5087171347643	17.4156251407965	322.021188470762
330.605815115207	27.4847854324256	36.5701771898151
293.392206321460	105.355479368656	245.420169008542
125.867941392134	81.6252863677225	320.066256473776
252.356396076395	118.570750913348	226.819667147415
151.814908102429	81.5410615718382	333.517586630062
126.811602880715	22.6960041807222	227.633267216500
218.033932316879	57.4069333253377	272.951936980168
149.759135533499	51.0316319389170	266.979997881519
251.408723883249	105.547420230025	217.964604423668
312.087819176579	138.866061932472	272.507321731147
139.019614621567	92.5957092710924	332.951504328473
75.6957461459136	73.7620135873471	324.357710359305
246.586138121633	74.5062857632220	285.000093496179
32.0214652542715	117.745118730565	172.329088999293
325.625093002135	146.615316111617	254.354872865812
21.7271325491560	46.9384214505024	185.648638862699
50.6093620439056	98.2960663748489	144.978948648723
37.7487513743992	130.708861803195	77.5607237690644
284.506203876776	77.6019767303138	220.164762356970
155.764879142061	55.7785872715759	269.804679811514
254.910641927089	106.325496915812	215.590267320646
282.694511328573	115.758674054846	107.754453656869
293.341786035489	105.413348105964	245.259167868110
163.020243701802	64.1351767135590	0.221734666715629
2.10447398151551	81.7169596149434	164.138657317898
188.072250336102	20.4374045523165	159.951481751082
241.150487519227	103.759218951421	239.469429348313
95.2112616058646	89.9509360887685	322.399913573343
6.30138983084879	92.8271842203252	154.009909415575
239.757054161469	49.9619197354078	74.3395550448389
132.371012366869	99.5262067609948	316.644552521254
175.064962471043	22.0474159566341	189.372864531049
254.224238488522	92.0365024630447	214.298820450421
291.464203340845	149.682932146747	260.988005260041
327.378916813030	28.1688970398118	315.518117496027
287.687838513138	140.829015338590	277.329907492763
60.1044186248136	78.4791751146591	129.245527594431
185.750052392437	158.800409540664	185.995278328753
340.437770879652	164.573532284402	317.729161627437
99.1119582751152	71.0948950510131	327.779414311827
29.4569061632659	111.680360469105	173.601055304483
353.524699878235	14.2844107904066	1.35790997446005
1.01413529738156	81.8086328621643	164.933922737539
48.7518328720915	17.6534026257758	324.451675437707
355.366759189581	125.815229274982	274.324170899506
124.145630259971	83.8076826093758	320.039900415200
309.082655541118	135.508529253006	271.741850116852
66.7513020061263	106.220645639303	164.143813938054
228.354048122775	105.462622476345	226.684449107764
162.199768139175	63.0144712662831	330.042024644798
314.016395114989	50.3091321592571	355.087155785557
101.725791736502	128.547664999961	147.360161245287
22.7928340480993	119.124228143445	167.695006352275
74.4856592825973	87.6275922295130	144.744035952719
326.348165739590	141.456977082054	251.937563928155
209.267105093582	68.7870210522261	6.11059488507023
152.976866510954	123.895247703499	337.908162214149
341.653014363125	112.978682832871	271.523553196907
73.5173606088262	86.6690338382591	325.755727379425
326.157370793811	28.4582407263529	204.099025781502
114.394461544640	81.1170728034414	333.416746058119
239.813776983187	49.1872807963909	73.8267578181968
228.080747254498	42.4578914925794	64.1237175576564
227.476849738430	27.8835640578366	114.515928597207
101.815173152542	129.436895498004	42.2945985209671
332.823161782363	26.3835605501841	35.7061568347578
30.3260831384793	93.0535025494019	151.865328388400
29.6912459014744	111.459198760184	353.919467799080
270.110066316319	57.9455136527607	90.1153749759710
32.0111520139591	97.6079440628968	124.638946921579
78.1164928303413	94.2200446202882	117.860856205181
134.518458183020	82.1518345814477	322.441166534593
278.460353222556	72.0431402019546	44.7485767575124
252.104867604333	118.327243850418	226.261033297162
315.806315266978	141.377908906326	259.471385976330
232.015248433661	54.5742299862109	84.1864077119572
300.068310550325	142.839524241705	258.604500832297
159.605988200618	100.897294764743	334.097992876530
190.927299029239	69.2390847525843	343.927083851999
103.982672491522	102.224837976061	319.779777576210
314.642065027272	100.539769100581	226.290254144714
296.917042677105	125.970500837463	246.645152774531
6.53057294890112	126.573825395736	126.709616393182
67.9545133759010	105.662011789051	143.274972166004
297.203521574670	126.873482322589	247.373955089938
254.686615429193	106.017818579827	35.2672711636876
279.948897574306	94.9746300364755	221.002426653451
291.315234314111	113.492053017309	251.556546994393
309.696293339703	131.570017369276	272.753693583053
101.895960201656	59.3441036306750	168.455894304208
23.0019636433220	115.434379942802	100.966622657954
139.858997791434	54.9604035401291	267.318615938442
35.6700604936645	94.1363927821991	160.342811925156
151.145120439921	79.2922022259498	333.452842399212
26.9926146864082	121.228129167165	161.402783846148
62.3011388113452	76.2732876034055	124.997618501331
151.134234241813	80.0622575026056	334.524846433902
132.436329555514	99.2179554672144	316.194207694282
354.909538869066	110.246820065688	168.053104974232
35.6305264058005	94.8256610097415	159.331541416750
216.390116402648	44.7256584457072	63.0774966237475
208.871764214942	48.0820452095836	80.4134806310208
341.258246442279	113.601487956179	180.950384942626
49.4749056095466	121.782752312852	163.831551939708
276.931701825147	34.4995077182123	71.0330156091389
14.9158102806407	89.3269850498710	143.233719204755
86.0817520982500	130.731780115000	125.862784771978
255.570116349284	90.0924566641658	237.406208328047
142.264274615393	81.3284942298447	298.583203945345
124.844638770031	60.3553741390809	354.972564226531
252.598757223736	95.4329962725802	239.145708194064
63.9037017643261	83.2192549537764	127.606868300356
231.827318276858	54.5868350577038	83.9652460030368
6.18909010300315	92.9629752177712	154.307847469043
240.140935884206	49.7642492960877	73.7620135873471
74.0908913617521	88.7935613426042	144.742890037129
31.9922444067198	97.6062251895114	124.612017905208
125.881119421422	81.5296024159356	320.047921824331
225.435401114379	148.901990671984	290.239792532650
118.663570076159	72.8590321022209	320.489099326582
45.9821548904291	115.930561393385	160.376616435069
258.771231550680	66.3450749293785	57.9701508379513
154.786267227977	59.6999104214513	327.761652620178
96.2632121177248	105.363500777788	309.916882090828
146.430823701584	48.5639027152886	267.550663845470
132.211157142028	73.5259549757532	316.260097840722
190.458619552822	69.3439360290933	344.418108682426
225.889183688122	64.1288741778125	109.713969316216
46.9825392007275	17.4648995111778	327.980522497918
41.3417697076646	129.123487584068	74.9056373464282
217.469568888675	79.5700867565882	14.2465955759279
42.6721777079583	124.974127231730	85.9683064548141
79.2194365859681	132.511387026676	345.416774119339
110.426728813359	141.674128086408	45.0763086163273
230.890532281819	67.2652451483586	100.542633889557
240.546590003159	49.6261664674611	73.7717538698643
275.590980584541	152.300203354905	218.803987593534
231.630220795333	54.0310659964269	84.4860646388107
250.478813381752	45.7575554347378	94.9030103120842
18.9442765382055	24.2739299485125	356.315004340522
225.721307054149	149.309936622117	290.383604939228
101.702873424697	60.0161831243635	348.274687601452
287.688411470933	140.831307169771	277.328761577172
70.2904623066494	125.918934635901	335.486269614131
120.604751086063	75.8796655981506	329.798517581868
110.521839807350	83.4186442664819	313.084765740107
294.471085849691	151.137671988584	263.157796430202
332.796232765992	56.8563208842170	201.022815379444
113.576850770988	83.0439298684664	316.304788548742
29.9989242374596	113.298393282554	106.016099706442
277.649617942446	73.4520434201813	44.8757733880315
202.290770980069	34.8793787363840	85.5059295141435
118.047640446394	26.2082354648741	237.601586936187
237.003991955865	72.7994444915273	82.1816283867945
13.3837211364609	88.7706430307990	152.512770696898
42.7065551756662	99.1136771485006	145.203548104414
257.605262437589	91.7408562407572	281.306807548766
293.855729177721	85.1684573728115	218.765599421261
294.382850349241	146.188462554244	238.726876045823
153.494820357752	98.1041255134801	332.937180383594
97.7425891447525	75.2952486471171	141.389368062228
341.697705071145	116.043434079026	209.369664538910
315.230492682871	110.616950801342	224.974743047093
27.1616372359718	121.648680188791	161.770622750622
308.463861122376	125.650790387780	268.548756324588
293.519402951979	105.062124977549	245.743317204996
317.281681589440	115.772425041929	274.055453693590
243.506489972805	92.9509431040735	231.344314855563
138.562967258848	86.0107053316538	305.019811815845
130.716310254531	109.981540606542	325.807293580987
239.996550519833	101.073765765643	52.4015740270748
228.454888694718	92.9801639516251	54.2533736209377
187.061552785492	158.882342505368	186.807732482249
147.001489665535	108.780621067948	334.569537141922
195.839839164691	66.2362129483037	1.53266210197495
116.163755216004	74.4054451912790	344.054280482518
241.819702223940	39.1610923393966	74.6947888778200
281.546303907130	85.5849976898716	216.536793598202
126.028369574771	80.8569499644520	348.344015494662
246.465816984655	74.7555224041039	285.540392696987
130.166843729001	79.3282985670430	318.119345885921
103.692182889391	102.299322489428	319.505903750138
119.616398889462	77.1407457052335	329.540686574059
228.548853773119	98.4536297685099	48.4825427083800
151.794854579599	63.0774966237475	341.985329884300
67.7247573000536	28.5974694705697	329.112687101096
279.359896960911	87.0248406290353	228.927005917906
242.439642558271	89.0989478474089	267.001770277734
199.848824857221	68.8569219032321	349.430343474230
342.793773333230	115.783884197832	179.847441187000
329.021586811670	166.996570800010	323.993309201602
261.374751771755	151.265441576898	230.612074793386
132.718224790719	83.2438921389670	324.438497408419
28.3952153688885	107.045131906497	114.545149444759
292.841020922544	151.480873707868	261.777541101732
244.890756005841	48.2613809994595	61.7631314417174
132.953710444517	83.1550836807218	323.699954810495
155.833634077476	91.3191593035409	314.593936572481
220.438636183043	33.6429358144917	78.2900990422660
249.395350191159	100.202869917044	221.265414281416
143.594682615687	101.976747250769	338.205527309822
109.907056093175	154.983364709502	324.960461959783
305.974359502533	151.226480446830	251.896310966905
295.872540616581	153.077707082897	264.099166087602
189.569962012574	69.1800700996859	343.448664093065
320.446127491947	140.237722894015	261.699618841594
82.7992768899455	112.259620799982	344.890798863409
165.964100853185	109.052776020635	351.637376901074
353.262285208065	128.329368080016	249.540881471123
304.823860249910	100.522007408932	11.2591936321158
111.679787511310	84.3113125112958	132.285068697600
319.678364046472	134.218228298371	219.458305395574
274.857594606773	28.7046125782591	53.4065419997343
235.389396889186	23.9112476641946	90.0878730018047
56.4907738109235	84.5519547852507	140.960222673675
216.723004881619	45.0997998859276	63.1582836728609
231.592978538650	54.8589900103909	84.6837350781308
14.2763893812747	74.2089206675491	180.277732491143
112.364472076491	83.2776966488798	313.174147156147
97.9992742369712	75.1903973706082	321.491202510266
333.585768607683	56.3864954922097	198.950427034456
286.485773058953	34.5848784296868	64.3494629289379
251.120526112298	45.0419311486194	94.1266524996819
11.7330297286890	135.697032367604	267.357004110716
112.428643349546	82.9877800045436	312.151417491838
30.4985434348137	87.5788908169269	174.995061620037
245.537625356544	83.0685670536570	281.554898274057
151.707764994739	73.1965042435529	336.426493355941
270.280807739268	162.320089276153	253.367093627006
240.375848580210	59.2805053154155	78.0781046580675
115.035028359596	97.3776150292542	317.442109772076
158.829057430420	60.8360857291957	344.797979700598
292.820967399715	159.455873258294	255.893264545738
60.9340615121630	101.058868862970	141.027258735706
309.740411089928	143.535667962788	255.705334388935
148.376588373849	76.0188943423674	300.758151735662
55.7447827616632	102.038626692643	164.064172804531
343.159320406524	115.679032921323	179.481321155911
250.874727218187	47.8826558968780	94.4876159106143
206.305486250551	155.563770955970	208.750297162374
225.512177458926	149.335146765103	289.804917566146
341.171729815215	164.681248349887	318.177787581024
237.459493402994	61.6491128404863	80.3017538609703
