23
1.11E+02	9.08E+01	9.72E+01
2.97E+02	5.55E+01	1.89E+02
8.41E+00	5.67E+01	9.85E+01
7.80E+01	8.98E+01	9.59E+01
203     215     0
2.64E+02	7.58E+01	1.35E+02
2.54E+02	1.15E+02	1.75E+02
2.74E+02	8.87E+01	2.64E+02
2.23E+02	1.34E+02	1.37E+02
115  44  14
1.49E+02	5.95E+01	9.32E+01
2.47E+02	7.43E+01	2.19E+02
1.43E+02	3.32E+01	2.20E+02
3.35E+02	1.43E+02	1.30E+02
1.11E+02	3.66E+01	2.57E+02
250      20      69      
196     40    0
2.13E+02	1.43E+02	2.15E+02
1.77E+02	1.47E+02	1.45E+02
7.88E+01	9.57E+01	1.48E+02
1.61E+02	1.21E+02	2.44E+02
8.51E+01	1.25E+02	1.22E+02
25  42  10
