512
2.033005e+02	3.576716e+01	1.128576e+02
2.388153e+02	7.468764e+01	1.075573e+02
1.025936e+01	8.466279e+01	2.623512e+02
2.573599e+02	1.332854e+02	2.647067e+02
2.545801e+02	9.172257e+01	2.340505e+02
3.210791e+02	9.905271e+01	2.548324e+02
1.951946e+02	2.323366e+01	2.080333e+02
2.828562e+02	4.573573e+01	2.581188e+02
1.543447e+02	5.900035e+01	2.237638e+02
5.120173e+01	7.191962e+01	1.208136e+02
1.641766e+02	1.595257e+02	1.398461e+02
2.866217e+02	1.437543e+02	2.382224e+02
1.601383e+02	1.115134e+02	2.610400e+02
2.824006e+02	9.708628e+01	1.586805e+02
1.855860e+02	5.384191e+01	1.236371e+02
8.631518e+01	9.629655e+01	2.063363e+02
1.653713e+02	5.940802e+01	1.396845e+02
1.546930e+02	7.196544e+01	1.192701e+02
3.128392e+02	9.023321e+01	2.627539e+02
3.253886e+01	8.022171e+01	1.302861e+02
1.804561e+02	1.193886e+02	1.810723e+02
1.616676e+02	3.859329e+01	2.626725e+02
1.069976e+02	1.363512e+02	1.168729e+02
2.702971e+00	4.706802e+01	1.357708e+02
2.031425e+02	1.209218e+02	2.572675e+02
3.599416e+01	1.274238e+02	1.351951e+02
1.317761e+02	9.310953e+01	1.532987e+02
2.090983e+02	8.022214e+01	1.889502e+02
2.401897e+02	1.154196e+02	2.262960e+02
1.813425e+02	1.038866e+02	1.922079e+02
2.973075e+02	1.532160e+02	1.855436e+02
1.905002e+02	2.978558e+01	1.133831e+02
1.147765e+02	9.355720e+01	9.214237e+01
3.136415e+01	1.325707e+02	2.329712e+02
2.203742e+01	8.677256e+01	1.198168e+02
1.267135e+02	1.183580e+02	2.077342e+02
1.581172e+02	6.027484e+01	1.710975e+02
3.001757e+02	1.228853e+02	2.544007e+02
3.248561e+02	4.936011e+01	1.869016e+02
2.686085e+02	1.476023e+02	1.696821e+02
3.083950e+02	2.252390e+01	9.083416e+01
1.889678e+02	5.063487e+01	2.463650e+02
3.003969e+02	1.016139e+02	1.367767e+02
1.980247e+02	9.793390e+01	2.539166e+02
3.354649e+02	1.182498e+02	1.161970e+02
3.189847e+02	4.241053e+01	1.943468e+02
1.079497e+02	1.353109e+02	2.435456e+02
1.339398e+02	1.073977e+02	1.823849e+02
5.465089e+01	1.480771e+02	1.331849e+02
3.143948e+02	1.292770e+02	1.331915e+02
6.021614e+01	1.543273e+02	2.524889e+02
2.501234e+02	9.109314e+01	1.780655e+02
3.157899e+01	3.687831e+01	1.564644e+02
3.100330e+02	5.593769e+01	1.601530e+02
3.570089e+02	1.011311e+02	1.073618e+02
3.175104e+02	2.787302e+01	2.621042e+02
1.170751e+02	1.517725e+02	1.322604e+02
3.713709e+01	5.005525e+01	9.277262e+01
2.854886e+02	1.315208e+02	2.068408e+02
1.734201e+02	7.284989e+01	1.711663e+02
1.069232e+02	1.140968e+02	2.240447e+02
3.380238e+02	6.809975e+01	1.230320e+02
4.265445e+01	7.548754e+01	2.304409e+02
2.992053e+02	3.083666e+01	2.296283e+02
8.524499e+01	9.741976e+01	1.704211e+02
2.028581e+01	8.907009e+01	1.819389e+02
2.043460e+02	5.389424e+01	2.059773e+02
4.629938e+01	5.147877e+01	1.859086e+02
3.626176e+01	2.861209e+01	2.476697e+02
1.080563e+02	7.585957e+01	1.956680e+02
3.447872e+02	1.134800e+02	1.747662e+02
3.529757e+02	4.650280e+01	1.250576e+02
3.513318e+02	1.312585e+02	1.309796e+02
6.685153e+01	1.122541e+02	2.562083e+02
6.487466e+01	1.291427e+02	2.528786e+02
2.627094e+02	9.707177e+01	1.100015e+02
2.903291e+00	1.005699e+02	1.970813e+02
4.396229e+00	7.816996e+01	2.180188e+02
3.498288e+02	1.399926e+02	1.434017e+02
2.476019e+01	9.877359e+01	1.814145e+02
3.007857e+02	1.184217e+02	2.341826e+02
2.805193e+02	3.095546e+01	2.214596e+02
8.589923e+01	8.100535e+01	1.327110e+02
7.518558e+01	2.216471e+01	1.884250e+02
9.760890e+01	1.225289e+02	1.780016e+02
1.346616e+02	6.904095e+01	1.611927e+02
4.227719e+01	1.259397e+01	9.679300e+01
2.286605e+02	3.426901e+01	2.333131e+02
3.055364e+02	1.185013e+02	1.503642e+02
1.547021e+02	1.366959e+02	2.198209e+02
3.084343e+02	7.212705e+01	1.789513e+02
1.904586e+02	6.456046e+01	2.526697e+02
2.307321e+02	1.094259e+02	2.157742e+02
3.412115e+02	1.599517e+02	2.239334e+02
9.000808e+01	9.234819e+01	2.528500e+02
1.295520e+02	7.642751e+01	2.446996e+02
1.999762e+02	8.121466e+01	1.229260e+02
3.563755e+02	3.939376e+01	9.516135e+01
8.636450e+01	1.316836e+02	2.661625e+02
1.665700e+02	8.999158e+01	1.747959e+02
2.914628e+02	6.869223e+01	9.763760e+01
2.957204e+02	8.756273e+01	1.074114e+02
2.045335e+02	5.059868e+01	2.200391e+02
3.239516e+02	7.142102e+01	1.833471e+02
2.602708e+02	7.270036e+01	2.340595e+02
7.336718e+01	9.782076e+01	2.385565e+02
3.000491e+02	1.372635e+02	1.212100e+02
5.073761e+01	4.851393e+01	2.346056e+02
2.917696e+02	1.016753e+02	1.848376e+02
6.004781e+01	7.175283e+01	2.030352e+02
1.511427e+01	9.790643e+01	9.278768e+01
2.642629e+02	1.318000e+02	1.091189e+02
4.406751e+01	1.272044e+02	1.781438e+02
3.221763e+01	2.542282e+01	2.556598e+02
2.889637e+02	6.162525e+01	1.384415e+02
6.222082e+01	8.454885e+01	2.596927e+02
6.038788e+01	1.496789e+01	1.442619e+02
1.623956e+02	7.060441e+01	1.870428e+02
1.613180e+02	7.058142e+01	1.220638e+02
3.160852e+02	3.477284e+00	1.208018e+02
2.817363e+02	8.301147e+01	2.487360e+02
1.509031e+02	1.283179e+02	1.564050e+02
7.586134e+01	1.558373e+01	1.181529e+02
2.179882e+02	7.320735e+01	1.577290e+02
3.387325e+02	9.829991e+01	1.767640e+02
3.134202e+02	7.972803e+01	1.307138e+02
4.846288e+01	8.048705e+01	1.353251e+02
1.455864e+01	7.649538e+01	1.377506e+02
2.067755e+02	1.513972e+01	2.214448e+02
3.379572e+01	8.036112e+01	1.093984e+02
2.362709e+02	4.061741e+01	2.371969e+02
3.862080e+00	7.916248e+01	9.405227e+01
6.309336e+01	1.120541e+02	1.190673e+02
3.343558e+02	9.892221e+01	1.069613e+02
1.254685e+02	9.338106e+01	2.152709e+02
1.619596e+02	7.395259e+01	9.604869e+01
2.947702e+02	1.112057e+02	1.855556e+02
1.456005e+02	1.006983e+02	2.375966e+02
1.686092e+02	2.040761e+01	1.856401e+02
2.705245e+01	1.421401e+02	1.999726e+02
1.903688e+02	9.885640e+01	1.063482e+02
5.929737e+00	1.339110e+02	1.405810e+02
6.843065e+01	8.693221e+01	1.723364e+02
2.251338e+02	8.797553e+01	2.598521e+02
1.395753e+02	2.375117e+01	1.333273e+02
1.534040e+02	1.150111e+02	2.109255e+02
1.602506e+02	1.498463e+02	1.358622e+02
3.506544e+02	7.042269e+01	2.419906e+02
3.400647e+01	5.590064e+01	2.115598e+02
2.724175e+02	7.824875e+01	1.596188e+02
2.397568e+02	1.762008e+02	1.732408e+02
6.276565e+01	9.453115e+01	2.286288e+02
2.608985e+01	5.531417e+01	1.748443e+02
2.828746e+02	1.304760e+02	2.199164e+02
8.045496e+01	1.340599e+02	1.514024e+02
1.286601e+02	1.281266e+02	2.229168e+02
3.574259e+02	3.341686e+01	1.384311e+02
1.855800e+02	1.285770e+02	1.417497e+02
3.028008e+02	8.127408e+01	2.130054e+02
1.067735e+02	9.859244e+01	2.059997e+02
1.431423e+02	6.905553e+01	2.044416e+02
2.502627e+02	1.256642e+02	2.176707e+02
3.550430e+02	1.396416e+02	1.993147e+02
7.204957e+01	9.478315e+01	2.091501e+02
1.873028e+02	1.074859e+02	2.091617e+02
5.981709e+01	4.687788e+01	2.399250e+02
2.318757e+00	7.692310e+01	1.948048e+02
1.046662e+02	4.230007e+01	1.376602e+02
2.450667e+01	1.396737e+02	2.591693e+02
1.423987e+02	9.240085e+01	2.050771e+02
1.060978e+02	7.290203e+01	1.878995e+02
1.695768e+02	8.746570e+01	2.688668e+02
3.487236e+02	1.421086e+02	1.097455e+02
2.928929e+02	1.010530e+02	1.707071e+02
4.169382e+01	5.822591e+01	2.030213e+02
1.879129e+02	3.005169e+01	2.650934e+02
3.391302e+02	1.363098e+02	2.153279e+02
3.037752e+02	8.713179e+01	1.854620e+02
2.200103e+02	9.178248e+01	1.608221e+02
1.517152e+02	6.118117e+01	1.836094e+02
3.517656e+01	1.344956e+02	1.954966e+02
4.372314e+00	1.557356e+02	2.258880e+02
3.574027e+02	9.666390e+01	2.138033e+02
3.932216e+01	6.182293e+01	1.610473e+02
1.560297e+02	6.594822e+01	1.696150e+02
2.770479e+02	1.098281e+02	1.663757e+02
7.297352e+00	1.273577e+02	2.379098e+02
6.477171e+01	3.916567e+01	1.604129e+02
1.868812e+02	1.019642e+02	2.355325e+02
1.818278e+02	1.042470e+02	1.288834e+02
1.945466e+02	2.603753e+01	1.489618e+02
1.516552e+02	9.709776e+01	2.400301e+02
1.867875e+02	1.317870e+02	2.451565e+02
2.663540e+02	8.839178e+01	2.491706e+02
1.216894e+02	1.337371e+02	1.259753e+02
5.650374e+01	6.020163e+01	2.386051e+02
1.943867e+02	1.113380e+02	1.861315e+02
3.023822e+02	1.410208e+02	1.145327e+02
1.543148e+02	9.059861e+01	1.241479e+02
8.820210e+01	1.348804e+02	9.989535e+01
2.162566e+02	8.308543e+01	2.573296e+02
1.608002e+02	8.050977e+01	2.367715e+02
2.264450e+02	1.209519e+01	9.009403e+01
2.215579e+02	7.702835e+01	2.681910e+02
9.996482e+01	9.239394e+01	2.342426e+02
3.520235e+02	9.026414e+01	2.521534e+02
1.168780e+02	4.636518e+01	2.229553e+02
1.209553e+02	1.204941e+02	2.099549e+02
3.000538e+02	7.544712e+01	2.089700e+02
1.727107e+02	3.862107e+01	2.668146e+02
1.868505e+02	8.066604e+01	2.570964e+02
1.188325e+02	1.651077e+02	1.117547e+02
2.205759e+02	9.184635e+01	2.420740e+02
3.453858e+02	8.403948e+01	2.033790e+02
2.815168e+02	7.677559e+01	1.552341e+02
2.878317e+02	9.124153e+01	1.246519e+02
3.143101e+02	1.261509e+02	1.163727e+02
3.380660e+02	1.562417e+02	2.043356e+02
1.147207e+01	8.561615e+01	2.151293e+02
8.968176e+01	8.593755e+01	1.701330e+02
3.146156e+02	9.115125e+01	2.435397e+02
2.246139e+02	1.174086e+02	1.275230e+02
1.133926e+02	7.373995e+01	1.650652e+02
3.441512e+02	2.639347e+01	1.047728e+02
3.080554e+02	1.357873e+02	1.199629e+02
1.335451e+02	8.156394e+01	9.937402e+01
2.452325e+02	6.281732e+01	2.228115e+02
2.928256e+02	4.389498e+01	2.581929e+02
2.643834e+02	4.414285e+01	2.314006e+02
9.481587e+01	1.302163e+02	1.617461e+02
3.182153e+02	1.598359e+02	2.590455e+02
1.847018e+01	1.141957e+02	1.499285e+02
7.814455e+01	7.279559e+01	9.454107e+01
2.131944e+02	8.326176e+01	2.437380e+02
3.523651e+01	9.624576e+01	9.976311e+01
3.337587e+02	7.103310e+01	1.495492e+02
2.334550e+02	1.398615e+02	2.679152e+02
1.043936e+02	6.558729e+01	2.699085e+02
1.362576e+01	9.989399e+01	1.736712e+02
1.850245e+02	5.050110e+01	1.080399e+02
3.341221e+02	1.063577e+02	1.002068e+02
9.787884e+01	1.092211e+02	1.216204e+02
3.452208e+02	3.589225e+01	2.115704e+02
7.864855e+01	3.450345e+01	1.087221e+02
1.783966e+02	6.183238e+01	1.911351e+02
3.363099e+02	7.882896e+01	1.439887e+02
3.182843e+02	1.251489e+02	2.510895e+02
2.957230e+02	1.210606e+02	9.967579e+01
6.901994e+01	1.668482e+02	2.514944e+02
3.407969e+02	1.444888e+02	1.453260e+02
7.418076e+01	1.428849e+02	2.691702e+02
2.955342e+01	1.139681e+02	1.011681e+02
1.736783e+01	1.552132e+02	1.809771e+02
1.841133e+02	7.484086e+01	1.061805e+02
2.991105e+02	5.635359e+01	2.529243e+02
1.021579e+02	1.414874e+02	2.386456e+02
3.171518e+01	1.143919e+02	2.243364e+02
2.737212e+02	1.546477e+02	2.102249e+02
1.272485e+02	8.705165e+01	2.213477e+02
1.646113e+02	5.578180e+01	1.418359e+02
1.593115e+02	8.353448e+01	1.613737e+02
2.921726e+02	5.594828e+01	1.507651e+02
1.288317e+02	6.118168e+01	1.088664e+02
3.160398e+02	8.435656e+01	1.773413e+02
2.305712e+02	5.330591e+01	2.221814e+02
2.884795e+02	1.487501e+02	1.059349e+02
1.974063e+02	2.763717e+01	2.130688e+02
3.175499e+02	6.358016e+01	1.098636e+02
3.122974e+02	7.369144e+01	1.491866e+02
1.453723e+02	6.014535e+01	1.949734e+02
1.764116e+02	1.220907e+02	2.222924e+02
2.594155e+02	4.281068e+01	1.055222e+02
4.191718e+01	1.052185e+02	2.133051e+02
1.252590e+02	5.466659e+01	1.561775e+02
3.441700e+02	1.458318e+02	2.289481e+02
3.440428e+02	1.029643e+02	1.893201e+02
3.524232e+02	7.354530e+01	1.772065e+02
3.246644e+02	5.570480e+01	1.081091e+02
1.586388e+01	1.217471e+02	1.855570e+02
3.029395e+02	1.009672e+02	1.088723e+02
3.104222e+02	5.535759e+01	1.424827e+02
1.272720e+02	2.175550e+01	1.678473e+02
1.601108e+02	5.895228e+01	1.678756e+02
1.459793e+02	1.413771e+02	2.580768e+02
3.374859e+02	1.179412e+02	2.336094e+02
8.553736e+01	5.748722e+01	1.612812e+02
8.257966e+00	1.578285e+02	2.111931e+02
6.464321e+01	9.558736e+01	1.997743e+02
2.913852e+02	1.116722e+02	2.290900e+02
1.607159e+02	1.386031e+02	1.134273e+02
3.032468e+02	1.699393e+02	1.661597e+02
1.460063e+02	6.355480e+01	1.856177e+02
3.091745e+02	7.475811e+01	1.127700e+02
3.183492e+02	1.434722e+02	1.155649e+02
3.305705e+02	1.274737e+02	1.471464e+02
2.391444e+01	1.244566e+02	1.351875e+02
2.314521e+02	6.605168e+01	1.900328e+02
3.363961e+02	1.252289e+02	1.039224e+02
2.389681e+02	6.561275e+01	1.904020e+02
2.283444e+01	1.319484e+02	2.020495e+02
2.656565e+02	1.313006e+02	1.364026e+02
5.284775e+01	1.485063e+02	2.131373e+02
5.485980e+01	1.506408e+01	1.623931e+02
1.334419e+02	1.337978e+02	1.586421e+02
3.280082e+02	5.895052e+01	2.468000e+02
3.627963e+01	6.825289e+01	1.429468e+02
1.010265e+02	4.835394e+01	1.975482e+02
3.071208e+01	1.137328e+02	1.714667e+02
6.215244e+01	1.063611e+02	1.904975e+02
1.773163e+02	9.875410e+01	1.672840e+02
3.149542e+02	1.620962e+02	1.422333e+02
2.430741e+01	7.213515e+01	2.622485e+02
2.468631e+02	9.487969e+01	1.332861e+02
1.850033e+02	5.878774e+01	2.233167e+02
1.777278e+02	1.420858e+02	2.126809e+02
7.677381e+01	1.252103e+02	1.077334e+02
2.064868e+02	1.306063e+02	1.194426e+02
1.497554e+02	3.794771e+01	1.829805e+02
1.629728e+02	1.339216e+02	2.616223e+02
1.047183e+02	6.896745e+01	9.658134e+01
2.013134e+02	6.021311e+01	1.116337e+02
9.901626e+01	1.104414e+02	1.883609e+02
5.359707e+01	9.982757e+01	1.225328e+02
1.939227e+00	1.636049e+02	2.562616e+02
1.453320e+02	3.010661e+01	1.194322e+02
2.415950e+02	5.391887e+01	1.939310e+02
6.841281e+01	1.190579e+02	2.253504e+02
3.523210e+02	1.507245e+02	2.281193e+02
1.516328e+02	6.453818e+01	2.055709e+02
6.085739e+01	1.026716e+02	2.369052e+02
2.427403e+01	5.104363e+01	2.320332e+02
2.168150e+02	8.939940e+01	2.044190e+02
2.523220e+02	9.648367e+01	1.008034e+02
2.220300e+02	7.482675e+01	1.539133e+02
2.689212e+02	1.235434e+02	2.074412e+02
1.277966e+02	1.030851e+02	1.155937e+02
2.790486e+02	9.912806e+01	1.231381e+02
1.712791e+02	1.050803e+02	2.414808e+02
1.743227e+02	8.187492e+01	1.218339e+02
2.546582e+02	1.180523e+02	2.564246e+02
3.505573e+02	1.047006e+02	1.057501e+02
1.404420e+02	1.297657e+02	9.810920e+01
1.703425e+02	1.078203e+02	2.089110e+02
4.819270e+01	7.528277e+01	9.389697e+01
2.378052e+02	5.307695e+01	2.242525e+02
2.027206e+02	1.035491e+02	2.011103e+02
1.171781e+02	8.659815e+01	1.395126e+02
3.595064e+02	9.559893e+01	1.309883e+02
1.996019e+02	1.354643e+01	9.539855e+01
1.028391e+02	1.457482e+02	2.343765e+02
2.660922e+02	1.500855e+02	2.590917e+02
2.765439e+02	6.846227e+01	2.310726e+02
1.022895e+02	3.960159e+01	2.518209e+02
1.353375e+02	1.364767e+02	1.292043e+02
3.355708e+02	1.564790e+02	1.092495e+02
1.319197e+02	2.845374e+01	1.538020e+02
5.782647e+01	1.438062e+01	2.602043e+02
1.535921e+02	1.242436e+01	2.280296e+02
3.121174e+01	7.108478e+01	1.339498e+02
1.638261e+01	6.891283e+01	1.850124e+02
5.817366e+01	7.819396e+01	2.250936e+02
1.200719e+02	8.409698e+01	1.950427e+02
9.425517e+01	1.466709e+02	2.195226e+02
2.686162e+02	1.069680e+02	2.648266e+02
3.472155e+01	3.938799e+01	1.718451e+02
5.883382e+01	1.244331e+02	1.126178e+02
2.120925e+01	6.314652e+01	2.309170e+02
1.597635e+02	1.687216e+02	2.417784e+02
2.420395e+02	5.721536e+01	9.767877e+01
4.614701e+01	6.591152e+01	2.213123e+02
3.507397e+02	1.175688e+02	2.111456e+02
8.189719e+01	7.571273e+01	1.325601e+02
3.337646e+02	4.877923e+01	2.280459e+02
2.464122e+02	1.417206e+02	1.228010e+02
3.056743e+02	9.121931e+01	1.247842e+02
2.325210e+02	1.433770e+02	9.794980e+01
1.106263e+02	5.700491e+01	1.461492e+02
3.344337e+02	1.088445e+02	1.278262e+02
9.365491e+01	3.565468e+01	2.032063e+02
3.065522e+02	1.026607e+02	9.983099e+01
9.046185e+01	9.789833e+01	2.695609e+02
2.021769e+02	9.169091e+01	2.510006e+02
3.195168e+02	1.027606e+02	2.569241e+02
2.402978e+02	6.474612e+01	2.013007e+02
3.358364e+01	2.931657e+01	1.124593e+02
1.730107e+02	7.300207e+01	2.399674e+02
5.338160e+01	6.005397e+01	2.403397e+02
2.608574e+01	8.404291e+01	2.662432e+02
1.077511e+02	1.098810e+02	2.015049e+02
3.982917e+01	5.916485e+01	1.645021e+02
8.724424e+01	6.711147e+01	2.650921e+02
2.799179e+01	4.752284e+01	2.230330e+02
2.535028e+02	1.594964e+02	1.542364e+02
1.485554e+02	1.159712e+02	1.314690e+02
1.660063e+02	7.561136e+01	1.963096e+02
1.477577e+02	1.548871e+02	1.527813e+02
7.248261e+01	1.212724e+02	2.187081e+02
2.182256e+02	1.159704e+02	2.215891e+02
3.195946e+02	4.769062e+01	1.149483e+02
1.217554e+02	1.055802e+02	2.352167e+02
9.136108e+01	9.123874e+01	2.478688e+02
3.713105e+01	9.585185e+01	2.634355e+02
2.852272e+02	1.893942e+01	1.240572e+02
1.501633e+02	8.008533e+01	2.115202e+02
3.996794e+01	7.611918e+01	2.360072e+02
2.769327e+02	1.464051e+02	2.654643e+02
1.444858e+02	1.225774e+02	1.626284e+02
3.139274e+02	1.176484e+02	1.364123e+02
2.939949e+01	1.341376e+02	1.526414e+02
3.137970e+02	3.981816e+01	1.069701e+02
2.448146e+02	1.017032e+02	9.853226e+01
3.325446e+01	6.187157e+01	2.330428e+02
1.061661e+02	6.816795e+01	2.508539e+02
2.897250e+02	1.131786e+02	9.831448e+01
3.403716e+02	6.390736e+01	2.199156e+02
2.260077e+02	8.055139e+01	1.027232e+02
2.421880e+02	5.310371e+01	1.414704e+02
1.057188e+02	1.418215e+01	2.188221e+02
2.120291e+02	9.772021e+01	1.747124e+02
1.118568e+02	1.175640e+02	2.248233e+02
9.139960e+01	7.296222e+01	1.453942e+02
3.199409e+02	9.284732e+01	1.552427e+02
1.937208e+02	5.593163e+01	2.103322e+02
3.180614e+02	1.631975e+02	1.907713e+02
1.829485e+01	2.851418e+01	2.665627e+02
1.318334e+01	5.303940e+01	2.513000e+02
1.251096e+02	3.984258e+01	2.598717e+02
1.076969e+02	6.285275e+01	1.938165e+02
2.793087e+02	9.618760e+01	2.063344e+02
9.763306e+01	1.048489e+02	2.586842e+02
2.086318e+02	4.574275e+01	1.570562e+02
1.235464e+02	4.185309e+01	2.580303e+02
1.506471e+02	1.259691e+02	2.076931e+02
2.959386e+02	1.008024e+02	2.100477e+02
2.461412e+02	5.157112e+01	1.772187e+02
1.824297e+02	9.960031e+01	2.649215e+02
2.656709e+02	4.327829e+01	1.599991e+02
7.370706e+01	1.205004e+02	2.311962e+02
2.278215e+02	3.418237e+01	1.904913e+02
1.255925e+02	1.346758e+02	2.519484e+02
7.214169e+01	1.261256e+02	2.519372e+02
1.845308e+02	4.011578e+01	1.412910e+02
1.523614e+02	7.085454e+01	1.121067e+02
5.663463e+01	1.167661e+02	2.190006e+02
1.201838e+01	3.760892e+01	2.387842e+02
5.040954e+01	9.028608e+01	2.150649e+02
2.103728e+02	7.737369e+01	1.934527e+02
2.737518e+01	9.504790e+01	2.184832e+02
2.283858e+02	6.381923e+01	9.335030e+01
1.529195e+02	9.711349e+01	1.688076e+02
3.121333e+02	5.102270e+01	1.484740e+02
3.586421e+02	1.083900e+02	1.576246e+02
1.067594e+02	8.292825e+01	1.612480e+02
5.332712e+01	8.828353e+01	2.083555e+02
2.523295e+02	6.362830e+01	1.620144e+02
2.094737e+02	1.370669e+02	1.008840e+02
3.003289e+02	1.323044e+02	1.483596e+02
1.862164e+01	1.676759e+02	1.871829e+02
3.043342e+02	1.350574e+02	2.036054e+02
2.193553e+02	1.848776e+01	1.927509e+02
2.688661e+02	8.389533e+01	1.827825e+02
2.904554e+01	9.809737e+01	1.785251e+02
2.955734e+02	3.917143e+01	1.016340e+02
6.702658e+01	4.923719e+01	1.610162e+02
1.308510e+02	5.043617e+01	2.495223e+02
2.452002e+02	1.282667e+02	1.365448e+02
2.332316e+02	7.927855e+01	1.806912e+02
1.306115e+02	5.031980e+01	1.857401e+02
3.427470e+02	9.533927e+01	1.670240e+02
2.577790e+02	7.614556e+01	2.151702e+02
1.692593e+02	1.078856e+02	1.830583e+02
1.104101e+02	1.334615e+02	1.911701e+02
1.601292e+02	9.850820e+01	2.405287e+02
1.732993e+02	1.063104e+02	1.717582e+02
4.910036e+01	5.658554e+01	2.221688e+02
6.490002e+01	6.723473e+01	2.601384e+02
1.923237e+02	6.575663e+01	1.096802e+02
5.037504e+01	7.956516e+01	1.726884e+02
2.881224e+02	1.229248e+02	2.401540e+02
2.756321e+02	4.335130e+01	1.040524e+02
1.508553e+02	9.002142e+01	1.292389e+02
1.157817e+02	1.391503e+02	2.108099e+02
1.258508e+02	1.527064e+02	1.001417e+02
3.249002e+02	1.639787e+02	1.683316e+02
2.095997e+02	7.646009e+01	1.836233e+02
2.209926e+02	1.436449e+02	2.534494e+02
3.088860e+02	8.809660e+01	1.157681e+02
1.113734e+02	1.723267e+02	2.280028e+02
2.155353e+02	3.354225e+01	2.676543e+02
9.184792e+01	1.172632e+02	1.081351e+02
9.282558e+01	8.018199e+01	2.273197e+02
2.998666e+02	7.117999e+01	1.830562e+02
3.315773e+02	2.871819e+01	1.962870e+02
6.862849e+01	2.790530e+01	2.080645e+02
7.270046e+01	4.722757e+01	1.858722e+02
1.093993e+02	6.892670e+01	1.560942e+02
3.561446e+02	8.095909e+01	2.460397e+02
5.643963e+01	1.408556e+02	1.698923e+02
1.806638e+01	1.014262e+02	2.400054e+02
5.530632e+01	1.027405e+02	1.548808e+02
3.204919e+02	1.187286e+02	1.056267e+02
6.458304e+01	1.191013e+02	1.435600e+02
6.294903e+01	1.396750e+02	1.791120e+02
1.643066e+02	1.209154e+02	2.313126e+02
2.966722e+02	1.023051e+02	9.061094e+01
3.494437e+02	1.759557e+02	1.240523e+02
3.212943e+02	1.176954e+02	1.214806e+02
3.199136e+02	7.863321e+01	2.521904e+02
2.481767e+02	1.239550e+02	1.768808e+02
4.536400e+01	8.731825e+01	1.376771e+02
2.946086e+02	9.736561e+01	1.212935e+02
2.793986e+02	2.459589e+01	1.675074e+02
