64
8.968176e+01	8.593755e+01	1.701330e+02
2.702971e+00	4.706802e+01	1.357708e+02
1.453320e+02	3.010661e+01	1.194322e+02
1.904586e+02	6.456046e+01	2.526697e+02
3.440428e+02	1.029643e+02	1.893201e+02
3.003289e+02	1.323044e+02	1.483596e+02
2.334550e+02	1.398615e+02	2.679152e+02
1.506471e+02	1.259691e+02	2.076931e+02
2.452325e+02	6.281732e+01	2.228115e+02
1.534040e+02	1.150111e+02	2.109255e+02
2.031425e+02	1.209218e+02	2.572675e+02
2.278215e+02	3.418237e+01	1.904913e+02
2.769327e+02	1.464051e+02	2.654643e+02
1.455864e+01	7.649538e+01	1.377506e+02
3.249002e+02	1.639787e+02	1.683316e+02
7.370706e+01	1.205004e+02	2.311962e+02
1.295520e+02	7.642751e+01	2.446996e+02
2.179882e+02	7.320735e+01	1.577290e+02
8.589923e+01	8.100535e+01	1.327110e+02
2.168150e+02	8.939940e+01	2.044190e+02
2.155353e+02	3.354225e+01	2.676543e+02
1.516328e+02	6.453818e+01	2.055709e+02
1.188325e+02	1.651077e+02	1.117547e+02
2.332316e+02	7.927855e+01	1.806912e+02
9.425517e+01	1.466709e+02	2.195226e+02
3.199409e+02	9.284732e+01	1.552427e+02
1.543148e+02	9.059861e+01	1.241479e+02
1.069232e+02	1.140968e+02	2.240447e+02
3.441512e+02	2.639347e+01	1.047728e+02
3.121333e+02	5.102270e+01	1.484740e+02
6.085739e+01	1.026716e+02	2.369052e+02
3.524232e+02	7.354530e+01	1.772065e+02
3.507397e+02	1.175688e+02	2.111456e+02
3.363961e+02	1.252289e+02	1.039224e+02
3.453858e+02	8.403948e+01	2.033790e+02
3.180614e+02	1.631975e+02	1.907713e+02
6.276565e+01	9.453115e+01	2.286288e+02
1.593115e+02	8.353448e+01	1.613737e+02
3.195946e+02	4.769062e+01	1.149483e+02
2.737212e+02	1.546477e+02	2.102249e+02
1.850033e+02	5.878774e+01	2.233167e+02
2.427403e+01	5.104363e+01	2.320332e+02
3.441700e+02	1.458318e+02	2.289481e+02
3.305705e+02	1.274737e+02	1.471464e+02
2.656709e+02	4.327829e+01	1.599991e+02
2.415950e+02	5.391887e+01	1.939310e+02
5.120173e+01	7.191962e+01	1.208136e+02
1.847018e+01	1.141957e+02	1.499285e+02
1.660063e+02	7.561136e+01	1.963096e+02
2.815168e+02	7.677559e+01	1.552341e+02
3.982917e+01	5.916485e+01	1.645021e+02
3.355708e+02	1.564790e+02	1.092495e+02
2.756321e+02	4.335130e+01	1.040524e+02
1.686092e+02	2.040761e+01	1.856401e+02
3.379572e+01	8.036112e+01	1.093984e+02
3.091745e+02	7.475811e+01	1.127700e+02
2.182256e+02	1.159704e+02	2.215891e+02
1.862164e+01	1.676759e+02	1.871829e+02
1.067735e+02	9.859244e+01	2.059997e+02
2.957230e+02	1.210606e+02	9.967579e+01
1.508553e+02	9.002142e+01	1.292389e+02
2.193553e+02	1.848776e+01	1.927509e+02
7.336718e+01	9.782076e+01	2.385565e+02
1.695768e+02	8.746570e+01	2.688668e+02
