64
1.11E+02	9.08E+01	9.72E+01
2.97E+02	5.55E+01	1.89E+02
8.41E+00	5.67E+01	9.85E+01
7.80E+01	8.98E+01	9.59E+01
203     215     0
2.64E+02	7.58E+01	1.35E+02
2.54E+02	1.15E+02	1.75E+02
2.74E+02	8.87E+01	2.64E+02
2.23E+02	1.34E+02	1.37E+02
115  44  14
1.49E+02	5.95E+01	9.32E+01
2.47E+02	7.43E+01	2.19E+02
1.43E+02	3.32E+01	2.20E+02
3.35E+02	1.43E+02	1.30E+02
1.11E+02	3.66E+01	2.57E+02
250      20      69      
196     40    0
2.13E+02	1.43E+02	2.15E+02
1.77E+02	1.47E+02	1.45E+02
7.88E+01	9.57E+01	1.48E+02
1.61E+02	1.21E+02	2.44E+02
8.51E+01	1.25E+02	1.22E+02
25  42  10
8.65E+01	1.25E+02	2.01E+02
38  46  20
6.26E+01	9.64E+01	1.69E+02
2.49E+02	6.26E+01	1.87E+02
4.52E+01	1.60E+02	2.25E+02
1.20E+02	1.69E+01	1.73E+02
1.33E+02	7.57E+01	1.43E+02
7.49E+01	1.43E+02	1.94E+02
1.64E+02	1.44E+02	1.42E+02
1.44E+01	4.55E+01	9.47E+01
138         41.5        6.5
2.07E+02	1.48E+02	2.57E+02
7.18E+01	1.19E+02	2.44E+02
2.18E+02	1.73E+02	2.24E+02
7.64E+01	6.84E+01	1.42E+02
6.58E+01	1.05E+02	1.31E+02
168         61.5        16.5
4.27E+01	5.29E+01	1.68E+02
3.25E+02	1.94E+01	1.24E+02
3.07E+02	5.66E+01	1.56E+02
140  48  28
1.62E+01	1.37E+02	1.21E+02
145         232     230
3.43E+02	9.24E+01	1.77E+02
3.41E+02	5.86E+01	1.23E+02
0  43  0
4.32E+00	1.49E+02	1.15E+02
9.33E+01	1.06E+02	2.59E+02
9.51E+01	1.17E+02	1.62E+02
59  45  89
1.87E+02	5.40E+01	2.25E+02
7.47E+01	1.07E+02	1.20E+02
2.46E+02	9.13E+01	2.68E+02
9.56E+01	1.03E+02	1.04E+02
3.21E+02	7.92E+01	1.64E+02
50  54  80
131   31  13.5
41  316  15
41      0.0     63
41      80.0     63
1.42E+02	5.84E+01	1.07E+02