810
5.56	67.66	267.04
193.75	39.47	354.09
75.34	57.3	23.13
60.17	81.5	210.05
81.97	39.79	285.83
94.04	91.22	231.25
264.09	41.23	201.71
209.39	162.09	63.65
22.03	147.43	166.34
68.96	100.5	240.58
185.33	102.85	277.72
300.13	70.6	260.24
210.62	30.86	331.47
249.46	16.69	71.6
212.08	40.87	321.97
170.51	138.42	303.36
73.1	41.96	38.12
27.15	96.61	25.32
263.02	120.32	322.96
182.85	104.57	234.59
221.1	59.85	260.17
114.53	87.54	68.43
116.94	174.75	173.42
225.22	17.63	267.14
332.01	134.02	350.89
268.36	25.98	1.85
118.85	39.85	133.71
160.69	132.73	320.26
349.58	107.04	108.05
61.02	94.36	166.26
127.27	84.8	95.12
138.27	84.43	251.15
107.44	115.88	168.54
339.42	14.04	194.08
106.73	63.32	323.34
237.15	109.48	249.08
61.41	80.57	111.39
158.85	141.54	163.89
264.4	7.25	54.52
282.82	102.74	117.64
292.95	145.38	116.49
316.05	136.93	305.55
181.76	91.75	68.94
230.31	73.95	12.92
53.8	12.21	246.78
175.59	127.88	24.41
180.54	90.62	345.26
102.39	32.01	149.23
155.26	47.98	103.45
307.6	106.76	154.39
161.47	155.66	194.14
73.3	70.26	204.09
291.41	147.6	306.53
140.86	123.6	71.07
93.24	85.5	249.65
97.71	165.96	3.9
65.26	24.39	325.33
58.7	143.55	155.87
210.9	77.51	192.04
91.89	83.27	328.84
350.42	91.95	126.2
244.61	86.43	336.06
244.74	30.82	130.01
56.29	107.86	216.05
12.12	123.79	226.02
128.5	20.97	128.17
109.88	66.31	285.01
36.33	102.51	290.07
296.54	102.09	32.25
259.17	60.33	295.35
198.39	146.59	58.15
303.77	77.41	275.53
346.14	65.8	112.8
27.8	24.12	23.33
327.97	155.58	346.15
195.72	33.41	257.05
4.36	41.31	340.5
163.21	101.94	1.52
176.55	117.83	249.36
42.82	98.14	171.57
114.51	114.92	215.6
12.29	91.23	24.4
75.87	103.57	151.44
79.95	67.97	148.5
36.62	127.3	106
316.61	134.92	224.4
235.23	70.05	358.23
245.64	49.99	192.39
178.65	42.73	141.64
226.54	52.64	143.55
359.22	146.34	20.99
52.3	139.64	344.53
358.31	50.36	302.98
275.87	96.15	30.71
343.36	121.96	343.5
352.54	22.28	137.5
70.19	115.07	242.03
358.76	104.89	335.16
165.71	99.64	39.17
65.28	148.34	268.61
159.02	26.32	284.58
112.6	73.53	36.36
106.08	12.34	0.38
182.08	115.66	26.71
14.38	49.51	277.14
289.45	116.45	37.39
55.51	120.98	130.3
348.14	92.84	238.69
303.82	73.24	194.05
238.36	138.77	131.93
177.85	22.67	164.06
333.06	38.22	353.52
49.29	94.48	118.53
344.38	24.74	328.9
207.96	136.71	146.88
70.71	117.55	226.73
212.85	49.96	98.32
236.73	37.69	125.66
347.17	25.08	260.93
60.45	105.42	20.18
221.3	51.54	1.67
111.98	99.7	22.98
267.57	36.41	261.46
78.44	101.54	200.34
81.76	84.63	172.27
221.39	76.92	88.36
218.45	1.8	183.56
91.96	86.17	58.81
307	113.38	57.32
291.94	71.5	53.93
123.01	34.57	230.28
248.11	128.8	254.93
113.52	99.72	56.21
2.66	34	115.14
190.57	42.14	287.51
116.35	64.58	208.47
252.67	112.7	187.35
244.14	81.12	316.94
103.25	105.17	328.19
15.8	82.56	67.38
335.03	92.99	303.13
83.07	38.14	206.38
237.2	120.83	64.48
319.99	116.3	161.94
149.01	80.07	193.28
196.88	102.86	292.14
17.71	90.48	112.88
342.07	20.65	164.31
35.73	154.32	143.54
87.25	28.11	102.05
299.13	143.42	44.23
217.09	79.6	4.29
9.64	48.38	239.84
268.6	19.57	72.85
45.61	148.59	309.34
47.54	110.57	119.45
209.45	48.91	335.7
189.78	104.33	34.09
20.54	124.44	168.26
262.37	72.87	299.81
264.91	161.21	332.3
25.98	78.18	72.49
220.54	47.43	320.88
337.6	58.99	262.07
317	104.46	278.16
297.38	41.21	335.26
93.41	24.89	175.09
354.97	88.51	9.58
187.8	103.94	154.07
236.08	120.68	160.12
178.48	88.51	251.95
35.06	96.19	0.35
175.78	35.56	112.05
200.05	57.42	349.02
233.87	49.23	148.6
0.91	87.67	322.31
99.4	108.7	50.96
290.03	75.1	209.26
108.13	125.18	272.54
261.25	118.51	148.44
148.09	20.51	207.75
184.45	127.82	45.02
232.09	71.49	348.96
276.58	151.66	132.77
42.58	69.33	87.03
192.93	108.63	27.33
238.14	154.67	100.97
259.9	131.3	81.88
119.57	54.36	228.01
66.27	150.99	354.34
71.07	86.14	336.05
135.46	69.67	194.53
342.55	95.14	10.72
275.48	102.64	32.94
1.62	91.47	148.67
137.29	75.79	348.15
92.52	113.17	186.49
210.31	174.12	348.09
213.43	67.55	337.82
335.84	58.65	19.14
50.9	121.66	206.43
337.02	73.15	11.94
26.23	117.44	179.11
262.7	79.98	311.01
46.08	104.63	115.75
290.07	121.53	11.51
167.5	110.89	87.19
255.48	123.07	305.87
35.16	98.89	286.64
211.5	77.52	242.14
352.5	106.99	112.46
97.86	119.1	2.6
348.03	134.94	96.57
129.28	95.57	257.9
224.1	145.83	201.72
175.33	97.49	162
315.2	129.83	233.13
327.91	107.02	87.68
357.57	119.27	190.72
69.9	73.4	106.6
126.05	156.93	352.52
299.36	69.89	342.3
307.97	80.91	356.15
48.83	19.44	93.1
4.45	92.15	229.95
18.3	115.14	57.76
95.85	83.14	221.24
180	130.2	354.51
81.6	142.59	84.23
163.5	109.07	0.43
180.55	131.98	288.82
78.13	91.12	223.19
268.99	89.88	308.22
106.87	171.23	36.21
173.52	136.56	305.17
346.1	36.85	274.7
45.23	40.38	240.67
14.36	124.21	60.15
268.97	147.29	96.85
105.33	110.62	57.95
10	62.08	79.74
222.2	140.23	104.99
283.71	37.82	135.65
224.17	13.48	27.43
29.17	20.01	297.79
209.57	58.5	14.68
11.83	42.78	271.92
281.95	140.73	36.42
141.01	48.55	24
122.64	121.39	102.22
296.29	79.46	93.56
270.94	62.57	89.31
164.78	49.53	268.95
176.71	93.41	79.65
274.08	110.9	196.82
291.71	89.15	285.34
353.27	93.07	139.99
244.71	100.38	141.46
254.38	92.3	146.8
82.71	74.4	355.33
219.33	100.58	193.8
115.6	84.34	20.31
157.25	13.07	138.56
70.81	34.42	216.04
250.67	72.67	228.4
125.62	106.78	130.32
182.32	91.72	319.97
167.71	113.84	28
199.46	121.79	283.8
108.17	71.51	129.72
277.46	86.79	30.3
91.05	24.33	117.75
160.28	45.36	100.3
13.09	139.81	134.74
59.22	20.91	241.35
182.16	116.56	102.49
201.78	146.68	91.55
331.71	82.13	88.34
308.37	16.15	353.96
242.4	160.55	35.37
226.46	98.71	335.86
39.39	117.4	183.09
341.46	118.4	276.92
54.09	154.33	252.5
31.16	14.26	357.36
191.74	93.86	120.24
294.47	106.3	237.78
251.3	98.67	280.61
339.92	61.79	78.67
27.32	76.42	254.8
26.53	113.13	60.21
226.07	101.02	92.9
189.18	28.37	77.06
61.1	59.06	211.38
291.78	24.34	307.9
182.31	140.99	255.8
238.1	21.68	316.22
153.3	85.38	106.52
267.05	147.39	169.05
189.65	133.25	88.58
317.41	86.95	8.99
205.72	59.72	247.81
260.17	45.24	274.74
50.9	14.54	112.32
202.09	18.23	218.44
70.44	100.88	43.48
304.19	91.29	347.24
259.22	99.65	310.41
234.89	51.9	59.09
275.52	128.61	95.03
356.6	100.33	218
12.07	40.88	25.21
152.79	117.05	278.52
224.37	87.34	178.08
304.08	61.74	147.01
7.98	109.87	315.29
11.73	15.96	307.4
282.91	39.13	87.47
258.33	114.38	61.64
82.65	28.15	12.05
277.07	86.09	33.42
288.85	42.42	358.51
165.95	95.58	255.08
294.01	111.69	350.27
276.31	67.51	275.78
310.35	118.48	242.01
350.85	31.69	65.06
112.35	89.59	314.36
51.54	92.91	128.32
147.75	58.44	197.2
310	125.39	265.98
143.87	150.08	337.43
90.34	48.61	5.98
29.09	110.27	346.5
48.75	156.68	57.92
322.05	135.11	145.41
111.03	138.52	46.61
182.09	21.47	185.97
155.58	106.23	342.01
285.28	34.49	223.32
284.98	90.09	232.48
242.69	56.42	57.54
137.27	85.97	353.7
94.85	146.16	1.54
232.17	151.08	5.53
247.86	124.54	280.72
81.7	49.89	302.42
354.38	46.51	328.71
181.23	82.13	287.09
275.04	71.01	198.91
262.91	104.32	184.8
328.03	153.65	35.63
175.24	61.81	65.26
190.23	107.94	53.09
263.05	46.26	297.41
31.92	145.63	104.37
90.64	81.06	140.52
59.44	75.33	201.72
353.7	90.17	224.76
353	76.13	308.98
300.61	115.25	68.38
23.59	72.25	87.81
262.51	29.33	284.85
216.04	156.4	174.79
51.12	37.83	306.94
2.93	120.78	22.44
302.41	105.82	223.97
108.97	87.45	164.43
349	120.06	34.08
104.66	111.64	202.75
217.03	97.61	101.36
359.06	39.44	313
207.45	70.82	108.75
250.1	154.18	122.86
81.39	42.42	285.15
231.27	101.6	175.98
129.54	58.51	308.54
342.17	23.52	142.61
148.46	122.73	347.32
301.92	90.56	68.28
54.47	119.94	36.89
83.9	46.09	271
158.45	130.79	274.11
273.81	122.8	294.95
217.78	83.64	258.4
78.63	107.51	148.15
57.4	91.12	276.28
123.91	137.91	112
282.12	94.05	287.59
189.47	40.61	271.05
251.47	79.95	319.24
246.24	126.02	267.15
56.98	133.52	145.48
153.01	72.52	100.33
97.3	177.26	23.53
266.51	28.01	177.46
82.66	99.63	248.11
241.97	82.17	192.97
13.35	55.08	130.8
255.42	95.53	61.26
33.58	80.6	356.86
131.09	109.2	28.34
170.37	121.21	347.95
357.23	138.89	175.78
323.63	94.32	251.45
161.2	67.43	342.59
84.91	118.91	56.42
31.49	114.24	193.17
214.01	95.7	183.55
355.94	85.43	171.54
283.64	56.85	97.95
283.02	35.26	158.07
111.62	104.9	183.99
141.93	88.28	85.02
11.73	122.73	222.49
353.95	80.6	291.41
238.72	72.95	82.93
348.78	85.44	323.73
189.96	141.54	346.5
307.99	151.48	289.01
178.17	40.03	168.96
52.37	72	92.16
125.44	106.26	43.1
122.08	91.19	189.32
292.84	144.19	8.24
254.58	48.95	183.64
192.19	42.83	179.15
167.62	59.76	341.77
205.88	71.94	305.96
139.68	79.54	25.11
138.25	63.47	293.63
142.93	41.97	220.45
210.91	50.21	66.42
84.04	23.45	89.51
294.09	98.17	141.5
67.11	26.65	106.29
28.26	151.75	44.46
155.66	136.51	1.25
274.73	35.37	284.16
91.46	91.69	228.65
28.98	21.45	359.03
115.24	117.29	184.52
237.84	119.75	82.06
196.14	79.89	311.57
62.35	116.93	43.06
148.97	67.45	267
284.42	87.7	31.8
119.67	74.28	36.65
20.41	40.33	127.75
186.07	119.92	209.43
144.9	71.69	200.59
8.23	77.87	325.74
258.08	74.66	31.96
173.16	96.87	127.48
67.94	162.18	194.44
93.28	162.24	95.41
47.72	88.21	109.2
221.25	50.73	167.43
127.95	120.68	31.57
166.48	102.68	329.87
1.02	96.23	236.74
38.17	128.28	124.87
134.05	59.54	98.09
77.95	149.83	70.58
50.75	20.47	228.47
104.93	72.46	321.89
15.26	21.33	299.82
5.66	103.94	337.82
40.19	158.71	68.09
1.76	141.28	268.71
344.74	80.91	197.55
190.12	92.08	235.71
69.74	69.59	17.75
307.06	135.83	243.43
188.31	76.98	38.49
352.34	144.02	358.19
277.71	65.49	1.4
7.83	13.05	283.62
347.13	92.8	160.56
69.55	99.15	308.51
25.24	113.09	351.66
174.44	45.35	82.41
278.24	117.43	10.45
40.54	91.01	292.19
13.91	64.04	177.32
305.01	116.83	59.33
170.45	119	67.51
358.97	81.37	139.62
244.3	27.46	177.27
129.3	62.49	119.46
242.67	171.76	88.43
3.4	39.12	216.65
105.35	99.85	140.41
263.98	119.14	251.65
89.91	71.93	342.2
359.19	72.68	233.47
292.39	51.14	255.85
352.78	76.7	191.15
169.41	94.93	217.36
96.87	83.35	329.01
297.24	99.5	35.16
43.23	116.66	255.34
139.61	138.13	327.94
84.62	80.74	354.18
92.37	18.11	12.01
66.1	58.27	310.4
227.07	46.99	151.47
214.34	134.71	85.68
161.53	110.07	95.92
73.69	98.33	212.86
32.48	33.07	183.16
135.76	83.94	95.31
186.47	164.66	149.87
21.34	58.05	104.61
185.8	121.94	106.03
124.88	152.89	76.02
247.19	132.46	65.84
110.72	26.87	338.06
130.09	35.71	150.99
28.15	139.23	121.33
111.89	104.73	267.55
182.77	125.25	265.65
68.63	53.97	359.12
193.06	32.22	1.86
291.22	81	314.35
122.18	65.08	220.68
95.91	41.84	100.4
77.78	89.09	193.59
295.57	71.75	322.77
194.37	59.89	282.4
230.97	137.87	198.09
142.67	152.28	98.85
265.5	87.23	30.81
305.17	105.94	79.43
313.3	111.73	353.49
74.81	146.86	6.26
97.14	112.86	12.95
53.71	142.39	66.47
342.01	138.3	286.01
163.92	102.7	358.8
175.42	93.67	331.26
166.66	68.79	86.78
199.63	74.65	288.98
311.57	128.97	248.12
52.61	92.32	87.51
152.3	23.92	29.91
164.47	95.79	213.63
156.09	162.02	27.06
6.82	97.7	59.51
89.93	149.67	83.65
51.55	79.88	54.75
110.57	130.91	3.04
321.77	99.4	283.19
256.92	119.45	104.2
70.02	128.48	177.68
359.2	25.26	326.87
183.12	115.37	341.38
97.74	52.21	154.01
261.63	134.63	289.88
6.9	92.12	251.21
266.51	152.3	128.11
196.64	131.93	58.26
273.17	56.52	354.62
140.27	153.28	148.77
212.12	37.4	190.12
317.29	112.6	280.72
182	172.48	242.46
165.07	15.91	336.78
341.27	78.7	275.41
71.12	85.11	294.8
0.1	57.17	349.58
26.94	115.07	103.38
166.12	134.65	79.26
36.95	96.49	87.4
257.79	24.59	298.91
270.3	86.76	30.49
183.96	64.33	221.4
96.52	52.2	330.85
71.92	154.43	162.07
136.84	59.87	359.03
280.75	90.8	38.78
13.27	111.17	85.98
9.5	73.1	203.04
74.56	31.23	131.37
314.06	35	197.03
183.9	108.9	351.04
56.56	150.8	145.41
143.28	56.04	194.8
63.68	92	199.01
60.46	118.48	184.71
85.26	83.16	163.58
57.82	55.68	126.2
176.8	76.37	247.44
274.85	53.6	89.35
181.6	88.59	114.42
75.9	107.89	232.36
83.76	59.92	80.46
286.88	146.94	112.37
200.72	145.64	346.74
147.32	90.22	240.1
197.3	28.62	59.78
67.99	106.71	341.86
32.1	95.15	192.63
262.94	130.79	268.79
10.82	36.55	303.08
219.1	159.86	200.96
283.31	71.53	77.08
292.74	158.17	155.56
270.7	113.38	200.76
234.67	100.87	4.23
258.3	75.56	124.7
188.26	52.33	203.26
0.06	144.25	172.22
259.68	19.02	256.59
307.53	148.94	230.7
85.61	162.3	299.75
119.02	90.22	192.11
336.17	53.28	11.68
217.18	139.02	27.3
245.45	112.53	353.62
299.42	95	144.93
184.82	1.71	310.21
100.57	80.81	208.36
221.19	70.51	195.97
296.54	126.58	196.69
148.48	58.78	189.78
126.5	29.03	151.87
1.65	93.27	298.47
219.42	85.8	240.07
154.76	17.33	64.48
229.12	72.62	174.26
331.18	144.93	140.75
28.02	100.43	262.53
260.43	110.17	90.56
263.34	104.76	291.21
76.81	109.6	316.85
349.45	144.69	197.16
88.64	71.21	230.96
225.26	79.92	167.18
5.64	18.29	48.3
323.52	85.45	87.47
248.21	77.78	334.98
96.45	127.47	358.48
355.54	96.99	28.1
30.4	97.53	331.59
334.85	34.59	282.53
100.13	145.38	298.3
334.73	21.03	283.63
4.69	95.32	226.45
154.18	117.77	352
323.1	33.4	141.51
52.91	28.22	60.08
212.05	55.53	5.09
300.79	35.28	207.24
352.16	66.96	334.94
271.75	110.09	212.95
65.25	55.84	4.78
339.59	138.69	347.76
62.8	143.26	265.9
355.87	101.55	302.36
74.62	81.97	146.67
146.89	76.96	68
3.24	141.72	4.68
196.36	81.09	291.96
218.34	74.42	86.24
249.07	117.33	323.11
252.3	39.04	300.49
154.38	62.34	270.49
120.14	136.94	316.26
101.08	151.22	189.69
313.37	100.54	158.44
238.51	44.56	320.03
166.99	43.38	280.27
263.57	160.35	85.4
261.11	58.86	195.93
353.51	28.67	168.29
272.37	122.03	273.92
330.94	77.51	285.07
353.27	51.94	242.72
258.66	111	353.79
337.01	104.68	359.66
317.41	112.48	158.76
325.5	65.7	275.16
284.16	105.26	220.93
297.49	70.71	314.59
140.36	40.88	291.5
266.46	60.21	280.88
13.11	82.73	220.97
331.55	115.06	255.01
301.56	25.61	324.47
356.76	100.57	122.25
211.05	68.68	185.12
264.67	128.69	269.18
290.82	139.6	212.71
19.56	100.91	250.75
292.73	137.71	190.22
24.25	98.14	352
18.2	38.63	191.25
10.15	59.79	66.97
186.26	84.38	43.66
94.54	102.67	232.7
305.23	93.39	8.59
67.88	143.82	69.48
161.42	148.63	233.58
204.23	82.97	287.71
104.76	35.83	77.52
293.63	37.92	348.62
134.36	162.78	82.95
88.64	131.2	2.47
41.12	22.66	97.38
130.44	16.42	327.89
252.44	84.64	302.43
199.76	144.25	248.48
245.46	87.75	325.4
277.67	83.75	197.21
134.84	133.26	344.7
161.97	154.61	305.61
166.36	128.54	7.64
283.82	128.72	193.4
4.92	54.15	303.3
11.55	51.64	331.74
31.69	110.93	194
161.02	140.3	13.3
144.94	30.43	331.42
84.8	47.01	203.03
21.09	38.37	329.15
91.11	130.63	276.62
189.96	120.63	89.79
337.53	100.48	78.54
357.99	77.78	140.93
45.57	126.2	277.39
61.25	101.87	356.23
354.18	86.77	225.51
189.39	121.29	116.67
200.97	136.45	334.55
70.85	96.11	243.02
345.73	72.85	41
358.88	151.62	66.26
189.9	58.45	194.59
307.17	134.46	296.71
282.32	63.86	276.48
196.01	139.5	182.53
124.93	74.93	107.73
227.94	97.36	71.04
320.17	140.67	244.13
305.14	83.42	87.29
215.01	77.63	68.21
89.58	80.16	72.06
190.66	76.48	121.81
186.13	91.07	320.29
195.01	42.76	159.13
135	34.48	332.09
275.77	99.12	23.61
199.73	14.95	354.5
313.58	78.14	186.14
113.39	67.62	314.26
202.49	52.72	170
20.58	92.22	146.21
216.8	167.4	351.24
291.97	83.81	106.76
159.02	124.31	86.89
97.51	88.29	240.74
185.04	153.27	201.53
165.83	82.62	83.06
345.69	56.25	280.45
262.82	87.68	220.46
40.11	146.05	310.5
131.72	162.98	54.43
302.34	87.02	204.85
16.29	86.39	335.6
299.82	148.66	271.38
290.3	95.42	216.09
119.48	144.21	305.24
159.26	56.81	192.94
49.27	48.99	336.9
105.57	77.6	222.18
150.97	60.96	283.42
60.65	51.92	3.16
236.23	144.08	130.43
292.46	19.83	245.04
243.92	76.05	249.61
283.05	84.29	46.22
194.13	149.59	172.03
0.15	85.88	191.08
333.4	120.51	251.36
311.86	103.11	157.33
205.75	97.84	192.24
205.12	56.91	73.03
80.8	40.69	199.53
100.56	35.94	353.36
32.26	43.51	272.38
180.07	119.25	261.42
159.16	59.48	349.08
72.05	34.3	15.98
68.35	69.66	283.95
192.98	13.74	282.02
319.31	145.45	140.27
114.43	132.67	132.62
197.89	83.36	114.37
92.18	119.97	86.05
50.79	102.02	90.57
156.87	63.73	92.21
344.31	87.9	291.05
294.31	54.78	70.4
239.6	85.39	181.27
95.24	90.73	148.06
194.62	133.9	174.27
197.79	128.96	243.29
348.67	45.01	259.69
10.16	158.07	75.27

