512
3.873329e+01 8.295513e+01 3.524335e+02
2.500497e+02 7.867864e+01 2.457454e+02
2.670304e+02 1.482006e+02 2.827720e+02
1.428950e+02 1.025341e+02 1.255672e+02
1.247709e+02 1.068597e+02 2.809853e+02
1.956923e+01 1.206919e+02 1.670304e+01
1.349519e+02 1.416231e+02 1.270198e+02
1.320682e+02 1.408433e+02 1.285192e+02
1.023022e+02 1.177485e+02 4.670461e+01
3.291799e+02 1.178537e+02 3.536087e+02
2.376527e+02 2.928908e+01 1.496714e+02
1.531921e+02 1.288767e+02 1.463347e+02
2.250361e+02 8.914797e+01 2.817687e+02
2.160440e+02 1.348143e+02 1.559535e+02
3.529831e+02 3.271174e+01 2.074601e+02
2.751591e+02 3.080418e+01 2.341686e+02
2.588041e+02 1.365935e+02 1.188388e+01
3.170383e+02 4.200055e+01 1.454442e+02
3.834108e+00 1.672364e+02 3.452199e+02
2.057527e+02 6.363601e+01 2.143871e+02
3.497772e+02 4.078460e+01 3.359082e+02
1.921067e+02 1.030091e+02 3.373347e+02
2.257805e+01 1.204735e+02 2.720661e+02
2.032902e+02 1.409460e+02 1.940091e+02
8.212556e+01 4.608724e+01 2.967449e+02
1.586083e+02 7.137831e+01 3.868865e+00
3.560604e+01 5.599091e+01 2.687468e+02
4.576167e+01 1.064318e+02 3.709252e+01
2.885863e+02 1.291778e+02 1.742788e+01
9.175791e+01 1.684187e+02 6.684880e+01
1.799742e+02 1.459113e+02 1.702223e+02
1.882784e+02 1.099418e+02 3.468825e+00
7.057800e+00 1.134744e+02 3.089450e+02
3.157249e+02 8.924698e+01 1.704562e+02
1.656371e+02 1.031081e+02 5.397651e+01
3.527780e+02 2.900318e+01 8.836367e+01
2.050110e+02 1.329154e+02 2.044481e+01
3.147495e+02 5.598431e+01 7.388813e+01
8.694879e+01 1.301713e+02 1.675761e+02
4.232138e+01 5.236804e+01 1.659511e+02
5.450565e+01 8.283266e+01 1.263802e+02
2.141780e+01 9.343123e+01 1.587610e+02
7.207414e+01 1.063066e+02 1.185865e+02
3.125671e+02 1.048596e+02 2.059550e+02
2.775147e+02 1.035477e+02 3.572472e+02
3.354735e+02 1.191690e+02 2.584263e+02
2.907108e+01 1.925229e+01 1.299584e+02
2.516092e+01 7.126878e+01 2.061823e+02
3.518298e+02 8.939419e+01 1.369205e+02
1.878126e+02 1.271539e+02 1.339500e+02
2.835717e+02 1.423008e+02 1.527389e+02
1.115115e+02 3.902906e+01 2.675257e+02
4.266573e+01 1.059072e+02 1.296290e+02
1.747541e+02 9.531163e+01 2.255361e+02
1.495000e+02 1.505066e+02 3.070331e+02
3.297028e+02 4.545058e+01 4.320891e+01
5.740476e+01 1.161763e+02 6.276336e+01
7.329885e+01 3.452902e+01 3.422260e+02
5.403223e+01 1.516979e+02 3.519005e+02
3.447707e+02 7.658912e+01 9.072176e+01
2.695253e+02 8.265252e+01 1.024634e+02
7.432271e+01 7.033381e+01 3.017831e+02
2.396525e+02 1.092150e+02 2.887563e+02
7.904285e+01 1.575798e+02 1.331861e+02
1.617481e+02 1.153679e+02 1.306120e+02
3.385348e+02 3.040176e+01 9.782686e+01
2.094983e+02 5.315134e+01 9.340895e+01
5.318163e+01 1.097460e+02 3.579820e+02
2.266311e+02 6.165113e+01 1.665480e+01
6.634898e+01 8.224833e+01 2.434799e+02
2.984132e+01 1.654372e+02 1.806065e+02
7.701398e+01 9.856729e+01 4.078368e+01
1.895170e+02 1.602614e+02 1.660733e+02
2.400135e+02 5.536452e+01 2.587070e+02
1.652397e+02 1.592333e+01 3.458170e+02
7.756510e+01 6.767323e+01 1.904040e+02
7.929924e+01 5.598771e+01 3.367500e+02
3.204319e+02 7.869936e+01 3.562513e+02
1.085590e+02 1.155171e+02 1.676577e+02
9.002181e+01 6.049433e+01 1.309667e+02
3.227820e+02 6.718552e+01 3.252091e+01
4.310199e+01 9.660095e+01 3.039134e+02
2.394715e+02 9.930810e+01 1.489342e+02
1.178901e+02 1.343034e+02 2.726490e+02
1.173939e+02 8.537786e+01 1.994520e+02
2.971758e+02 1.273930e+02 1.714465e+02
1.980762e+02 6.010809e+01 9.597257e+01
2.321199e+02 6.444861e+01 4.869989e+01
3.042465e+02 6.585834e+01 2.797228e+01
2.141996e+02 6.179844e+01 3.047736e+02
1.191551e+02 7.173730e+01 1.213355e+02
7.610709e+01 3.853826e+01 2.426378e+02
2.252475e+02 9.102227e+01 3.759579e+01
9.470214e+01 1.084481e+02 2.114517e+02
3.512337e+02 2.226861e+01 4.132905e+01
5.808820e+01 1.386000e+02 8.976432e+01
2.860353e+02 1.256460e+02 1.491022e+02
3.327959e+02 1.336348e+02 2.575680e+02
1.678708e+02 5.203284e+01 3.130814e+02
2.208834e+02 1.499132e+02 2.935540e+02
1.477760e+02 9.107686e+01 8.368172e+01
3.489208e+02 7.864798e+01 1.246807e+02
2.351520e+02 1.056619e+02 3.458205e+02
2.777076e+02 6.784473e+01 1.084726e+02
1.494629e+02 4.445389e+01 5.551066e+01
5.366546e+01 3.674779e+01 2.679971e+02
1.779548e+02 2.544594e+01 1.018421e+02
3.055300e+02 3.686095e+01 1.183822e+02
2.440029e+02 1.707250e+02 4.794838e-01
1.605342e+02 1.563675e+02 2.030089e+02
1.789478e+02 4.211636e+01 1.598881e+02
5.620613e+01 9.638443e+01 5.809067e+01
2.512316e+02 9.659895e+01 2.532463e+02
7.368905e+01 1.098039e+02 1.958512e+02
2.438549e+02 2.843640e+01 9.166310e+01
4.482300e+01 6.480613e+01 1.415199e+02
2.143697e+02 2.862021e+01 8.806287e+01
2.782506e+02 8.645044e+01 2.097680e+02
2.086493e+02 1.630175e+02 1.898765e+01
2.462163e+02 5.014983e+01 2.168254e+02
1.538291e+02 1.151512e+02 1.438949e+01
9.964999e+01 4.271312e+01 3.104677e+02
3.520945e+02 4.391070e+01 1.235196e+02
3.473702e+02 8.418800e+01 4.040405e+01
2.620994e+02 9.490610e+01 2.136336e+02
2.609198e+02 4.556908e+01 2.268276e+02
2.321873e+02 1.077247e+02 2.812970e+02
3.090590e+01 1.215389e+02 2.651451e+02
1.900455e+02 1.539126e+02 2.849750e+02
3.065554e+02 1.368934e+02 2.335361e+02
7.559497e+01 8.100973e+01 3.282870e+02
2.976262e+02 3.602710e+01 2.181874e+02
7.430745e+01 5.715742e+01 2.651204e+02
1.711784e+02 6.590278e+01 2.567705e+02
1.079743e+02 9.892711e+01 2.483954e+02
1.241892e+02 2.369280e+01 3.311532e+02
3.340620e+02 5.925764e+01 3.490365e+02
1.084365e+01 1.055449e+02 1.184134e+02
2.592130e+02 8.419010e+01 3.413366e+01
1.354377e+02 1.238583e+02 2.903518e+02
2.116901e+02 1.192165e+02 2.457845e+02
1.187808e+02 6.193280e+01 6.236891e+01
3.113737e+02 1.116484e+02 1.731636e+02
3.077837e+02 9.892778e+01 3.381619e+02
1.973157e+02 6.020594e+01 4.970605e+01
1.562892e+01 1.070869e+02 2.374754e+02
1.920889e+02 9.614719e+01 6.985413e+01
2.970964e+02 1.587693e+02 2.255342e+02
2.038588e+02 6.286884e+01 2.234646e+02
7.892549e+01 7.595099e+01 1.587518e+02
1.164016e+02 1.384529e+02 2.372210e+02
2.341559e+01 1.246867e+02 1.609748e+02
1.345761e+02 1.125349e+02 3.065776e+02
9.306985e+01 1.597343e+02 2.546371e+02
9.381717e+01 1.266618e+02 1.542766e+02
1.700947e+02 1.498987e+02 2.232709e+02
3.413992e+01 1.785860e+02 2.308292e+02
2.273236e+01 7.416554e+01 3.195900e+02
2.939330e+02 5.273460e+01 3.576976e+02
2.464134e+01 1.021999e+02 2.622074e+02
1.071487e+02 1.183286e+02 1.820962e+02
2.835255e+02 1.156164e+02 1.761443e+01
1.642941e+02 6.470439e+01 3.895871e+01
3.276638e+02 1.277133e+02 3.089867e+02
1.982416e+02 8.078377e+01 3.297400e+02
1.545183e+02 1.203350e+02 2.417975e+02
1.436593e+02 2.932992e+01 1.664408e+02
2.278678e+01 8.258162e+01 3.461003e+02
2.578290e+02 4.060468e+01 2.877021e+01
2.591725e+02 9.818706e+00 1.389289e+02
2.668222e+02 2.681016e+01 5.917036e+00
2.481744e+02 9.247867e+01 2.130866e+02
9.374967e+01 1.385914e+02 2.045651e+02
3.553210e+00 1.506554e+02 4.417449e+00
1.260365e+02 1.031011e+02 2.123299e+02
3.226179e+02 8.331035e+01 1.296780e+02
2.675650e+02 3.234323e+01 9.156481e+00
1.058351e+02 2.970169e+01 3.522887e+02
6.636334e+01 4.948675e+01 4.758987e+01
5.866424e+01 1.292597e+02 1.982076e+02
2.728441e+01 1.023442e+02 3.108377e+02
1.573123e+02 3.435426e+01 2.457146e+02
9.778311e+01 8.608132e+01 1.258891e+01
8.535794e+01 9.557086e+01 1.584712e+02
5.275777e+01 1.153919e+02 1.583378e+02
1.694969e+02 7.578577e+01 2.758002e+02
2.622916e+02 1.295280e+02 3.599421e+02
1.409038e+02 3.131841e+01 9.268776e+01
5.616594e+01 6.466264e+01 3.188932e+02
5.097325e+01 4.833796e+01 1.789977e+01
3.256256e+02 9.040307e+01 1.193961e+02
1.268704e+02 2.211444e+01 2.626393e+02
5.740614e+01 4.663619e+01 1.795326e+02
3.138757e+02 1.405523e+02 1.967975e+02
2.893365e+02 2.926612e+01 8.087017e+01
2.642958e+02 6.786880e+01 4.427304e+01
1.771816e+02 1.126919e+02 1.746763e+02
1.446631e+02 4.383733e+01 3.146552e+02
3.105364e+02 2.624427e+01 2.309131e+02
6.510110e+01 6.867348e+01 1.613654e+02
3.332044e+02 8.273895e+01 4.937175e+01
2.959330e+02 1.344312e+02 5.081733e+01
2.471681e+02 1.348757e+01 3.537345e+02
1.688979e+02 5.094636e+01 3.498783e+02
3.196580e+02 3.446825e+01 1.544013e+02
3.536492e+02 6.841188e+01 2.721739e+02
1.164078e+01 1.131998e+02 2.010926e+02
2.969182e+02 6.238068e+01 2.723956e+02
2.373545e+02 1.165885e+02 3.513312e+02
1.613805e+02 7.667482e+01 1.507466e+01
2.065390e+02 1.142234e+02 1.263613e+02
2.872497e+02 8.790532e+01 1.715933e+02
2.277929e+02 6.145508e+01 6.297672e+01
2.842934e+02 6.078802e+01 1.281256e+02
2.144134e+01 1.011326e+02 3.198490e+02
1.401860e+02 1.326987e+02 2.489510e+01
1.512843e+02 1.627844e+02 3.338908e+01
2.390660e+02 1.420216e+02 7.408951e+01
2.284095e+02 3.023151e+01 2.214716e+02
3.187092e+02 7.663822e+01 9.843554e+01
2.201427e+02 7.453985e+01 2.692027e+02
2.215255e+02 1.706188e+02 1.100615e+02
3.157782e+02 1.247690e+02 2.755600e+02
2.760708e+02 1.469288e+02 9.103886e+01
2.700328e+02 1.326151e+02 2.415658e+02
4.162388e+01 1.447253e+02 4.748908e+01
7.347223e+01 1.370319e+02 3.392814e+02
4.185367e+01 1.489156e+02 1.600499e+02
3.029255e+02 1.175360e+02 1.288783e+02
1.373666e+02 1.569066e+02 6.112834e+01
1.634565e+02 6.078027e+01 1.796667e+02
2.659948e+01 2.716866e+01 1.627798e+02
9.059389e+00 1.238678e+02 2.383775e+01
3.460012e+02 7.839691e+01 3.196374e+02
5.702203e+01 9.734326e+01 3.268023e+02
3.361113e+02 1.307590e+02 2.817556e+02
8.523544e+01 1.276048e+02 1.698997e+02
2.719943e+01 1.284447e+02 2.866112e+02
2.421200e+02 3.070774e+01 3.152331e+02
3.035789e+01 9.108367e+01 2.420106e+02
2.238033e+01 5.365480e+01 2.533778e+01
2.502608e+02 1.290798e+02 4.480989e+01
7.412239e-01 1.229858e+02 1.531318e+02
5.646862e+01 4.560374e+01 2.817597e+02
9.883812e+01 9.065467e+01 2.120928e+02
1.134825e+02 1.371735e+01 1.699689e+02
2.570530e+02 1.309611e+02 1.216385e+01
2.058432e+02 2.581483e+01 6.482647e+01
1.854695e+02 1.036111e+02 3.354551e+02
2.078388e+02 9.601180e+01 2.126750e+02
1.779377e+00 1.062732e+02 1.822808e+02
1.268045e+02 1.353217e+02 7.863799e+01
1.961045e+02 5.070763e+01 3.427384e+02
3.314306e+01 1.295370e+02 1.304134e+02
9.803659e+01 4.824509e+01 1.650768e+02
2.126621e+02 1.008016e+02 2.990916e+02
1.665837e+00 9.903852e+01 2.846394e+02
1.107026e+01 8.618654e+01 1.587682e+02
1.356146e+02 9.801111e+01 2.246522e+02
5.958551e+01 1.743590e+02 3.439830e+02
1.102409e+02 7.077256e+01 2.388523e+02
9.719082e+01 1.191058e+02 9.593674e+01
1.105955e+02 7.940610e+01 2.603357e+02
2.102479e+02 1.065171e+02 2.019880e+02
1.938667e+02 8.448494e+01 3.502730e+02
2.846415e+02 5.584891e+01 1.083142e+02
1.341788e+02 8.323712e+01 1.789274e+02
2.707233e+02 1.133668e+02 1.022235e+02
2.349285e+02 9.451789e+01 2.671488e+01
1.986981e+02 3.266542e+01 4.010299e+01
3.063311e+02 3.943352e+01 2.711050e+01
1.530895e+02 4.062849e+01 3.586291e+02
2.067842e+02 1.983289e+01 2.158552e+02
2.765714e+02 5.969451e+01 2.840285e+02
1.942252e+02 1.656763e+02 3.100567e+02
3.543373e+02 1.004080e+01 2.977446e+02
3.801066e+01 9.507580e+01 3.372925e+02
1.083617e+02 8.765041e+01 1.290725e+01
1.367474e+02 1.453070e+02 5.029588e+01
1.701777e+02 5.523519e+01 2.611591e+02
8.012474e+01 6.419004e+01 3.139539e+02
1.154673e+02 8.479019e+01 1.346772e+02
8.166633e+01 6.077297e+01 7.782751e+01
7.832808e+00 6.799753e+01 2.073636e+02
5.570419e+00 7.713897e+01 9.232832e+00
2.821859e+02 1.466489e+02 1.566177e+01
6.712952e+00 1.042406e+02 3.360417e+02
3.249818e+02 1.009563e+02 1.445947e+02
7.077770e+01 6.799077e+01 2.825715e+02
2.192525e+02 1.009511e+02 8.734628e+01
1.882336e+02 8.374617e+01 2.190754e+02
2.544229e+02 7.631812e+01 3.215462e+02
1.271506e+02 9.950168e+01 2.265912e+02
2.732020e+02 4.638908e+01 3.326929e+02
1.820073e+02 8.408691e+01 3.584896e+02
2.756788e+02 5.122237e+01 5.403235e+01
1.305115e+02 1.116669e+02 8.926884e+00
3.330063e+02 4.405060e+01 3.280551e+02
3.243957e+02 1.244210e+02 5.327909e+01
1.986174e+02 1.402901e+02 3.237950e+01
1.875690e+02 1.459201e+02 2.576497e+02
6.444886e+01 1.336883e+02 6.300519e+01
2.192124e+02 5.281719e+01 5.749977e+01
2.620657e+02 2.172913e+01 1.724156e+02
3.153389e+02 1.273308e+02 3.415434e+02
1.703959e+02 5.621354e+01 2.667853e+02
2.707970e+02 1.612686e+02 2.420400e+02
6.517739e+01 1.405557e+02 2.532429e+01
7.680872e+00 1.288111e+02 1.101980e+02
4.653771e+01 3.170006e+01 3.372599e+02
3.096188e+02 8.429423e+01 3.084973e+02
2.868154e+02 1.596612e+02 3.207051e+02
6.753320e+01 4.113943e+01 2.118913e+02
6.163740e+01 2.578606e+01 5.853108e+01
2.432046e+02 9.197127e+01 6.337624e+01
1.439620e+02 9.771220e+01 2.691229e+02
3.367897e+02 7.613616e+01 3.403029e+02
1.714446e+02 1.226488e+02 2.368727e+02
1.448049e+02 6.635323e+01 1.957795e+02
6.840845e+01 1.584895e+01 2.151551e+02
1.213437e+02 1.322967e+02 8.445704e+01
1.587531e+02 7.483681e+01 2.951164e+02
4.967415e+01 7.352586e+01 2.838584e+02
3.529220e+02 7.415390e+01 2.120615e+02
1.582740e+02 1.298484e+01 1.570535e+02
2.893831e+02 1.030718e+02 1.979062e+02
2.943594e+02 1.184604e+02 1.270687e+02
8.335002e+01 9.484053e+01 3.584848e+02
2.308530e+02 1.404664e+02 1.313869e+02
9.281154e+01 1.064866e+02 3.478228e+02
4.467850e+01 5.520109e+01 8.906714e+00
1.465408e+02 1.129401e+02 2.800221e+02
2.436929e+01 6.252587e+01 1.584656e+02
3.951370e+01 7.313272e+01 2.269800e+02
1.906402e+02 4.725543e+01 1.130489e+02
7.614071e+01 8.763757e+01 3.318535e+02
9.348272e+00 1.037203e+02 8.039686e+01
3.578832e+02 7.620253e+01 1.348151e+02
2.680707e+02 7.790575e+01 1.109320e+02
3.536046e+02 8.592229e+01 1.361609e+01
3.424975e+02 6.259848e+01 2.178611e+02
1.697788e+02 1.043221e+02 3.009112e+02
3.555128e+02 1.391580e+02 2.117708e+02
3.070516e+02 1.054356e+02 1.308437e+02
1.112677e+02 5.156990e+01 5.035867e+01
3.426250e+02 3.730620e+01 4.195214e+01
4.091353e+01 1.078527e+02 3.532383e+02
4.221856e+01 1.655106e+02 1.950092e+02
2.503493e-01 1.604643e+02 3.114357e+01
1.091363e+02 4.563037e+01 9.219464e+01
1.329053e+02 2.846384e+01 7.551900e+01
4.332280e+01 5.830405e+01 1.132595e+02
2.562884e+02 2.131355e+01 3.253506e+02
3.447050e+02 9.083453e+01 1.874507e+02
1.160238e+02 8.369124e+01 5.840496e+01
2.840342e+02 7.227346e+01 5.170039e+01
2.417349e+02 1.886942e+01 2.305911e+01
3.946116e+01 3.615156e+01 3.076724e+02
2.606265e+02 1.617887e+02 3.508044e+02
3.177368e+02 8.145153e+01 3.344490e+02
1.775252e-01 6.269343e+01 1.474273e+02
3.669969e+01 1.341596e+02 3.245800e+02
1.333383e+02 1.542945e+02 1.744190e+02
3.292881e+02 8.599306e+01 1.690826e+02
3.596360e+02 1.569647e+02 6.041815e+01
6.137780e+01 9.000232e+01 2.982905e+01
6.214224e+01 1.254035e+02 2.279381e+02
3.710535e+01 9.275232e+01 1.119524e+02
2.182132e+02 7.205531e+01 1.678875e+02
1.482805e+02 1.544294e+02 7.598499e+01
9.208179e+01 4.422333e+01 5.204591e-01
7.260654e+01 1.570703e+02 2.871401e+02
6.756813e+01 7.367356e+01 1.324971e+02
3.181581e+02 8.926264e+01 5.449526e+00
2.273090e+02 8.112775e+01 2.573922e+02
2.240735e+02 4.070220e+01 7.868835e+01
2.369767e+02 1.291456e+02 2.479382e+02
6.375041e+01 1.266614e+02 8.856260e+01
2.253055e+02 1.373985e+02 9.579055e+01
3.155240e+02 4.987828e+01 4.754550e+01
6.415307e+01 6.192116e+01 1.239157e+02
2.324066e+02 3.809628e+01 2.715804e+02
3.182840e+02 1.328929e+02 3.201259e+02
9.018585e+01 9.894093e+01 2.557571e+02
2.110396e+02 7.505952e+01 8.873101e+01
1.752743e+02 7.883923e+01 1.625002e+02
3.020711e+02 1.141120e+02 3.352407e+02
1.860320e+01 5.566379e+01 2.216403e+02
2.662101e+02 1.036774e+02 9.298439e+01
1.996258e+02 1.417732e+01 2.271971e+02
1.546101e+02 1.261388e+02 2.503916e+02
2.807001e+02 5.597873e+01 1.453176e+02
1.428002e+02 4.636676e+01 6.965347e+01
1.286025e+02 9.444084e+01 1.105467e+02
2.374101e+02 6.900718e+01 2.494636e+02
1.419019e+02 5.353656e+01 2.269294e+02
6.425191e+01 1.219278e+02 8.993664e+01
1.954621e+01 5.970452e+01 1.563193e+01
8.896365e+01 3.284675e+01 1.913225e+02
3.246528e+02 8.398248e+00 6.343252e+01
3.536795e+02 4.001054e+01 1.878847e+02
1.742792e+02 8.961017e+01 3.136616e+02
5.210985e+01 1.712042e+02 2.209006e+02
1.842000e+02 1.658895e+02 9.771556e+01
3.576699e+02 1.439133e+02 3.076343e+02
2.745248e+02 5.497594e+01 5.668565e+01
3.477686e+02 8.384692e+01 9.339071e+01
3.347570e+02 6.395746e+01 2.414090e+02
8.513660e+01 1.228910e+02 8.134466e+01
3.510798e+01 1.670628e+02 2.973480e+02
1.475188e+02 1.394247e+02 1.166747e+02
4.722214e+01 7.457620e+01 1.758192e+02
2.716440e+02 1.658311e+02 2.749406e+02
1.253171e+02 2.829344e+01 2.655632e+02
1.619221e+02 2.387965e+00 2.289693e+02
7.176077e+01 1.040969e+02 8.969074e+01
2.651465e+02 3.777600e+01 2.643541e+02
7.321229e+01 7.962441e+01 1.222218e+02
2.765377e+02 4.792434e+01 1.089964e+02
8.686085e+01 9.202343e+01 4.577112e+01
2.209441e+02 1.517775e+02 3.650508e+00
1.244779e+02 9.454991e+01 3.329744e+02
2.601474e+02 1.112587e+02 3.276022e+02
4.220032e+01 3.488307e+01 1.375732e+02
6.508382e+01 3.727647e+01 2.525011e+02
6.979121e+01 7.240203e+01 2.420431e+02
1.297974e+02 1.205236e+02 4.596269e+01
1.455817e+02 1.221374e+02 7.234885e+01
8.128084e+01 8.444104e+01 3.250176e+02
2.408605e+02 1.023776e+02 3.210611e+02
3.445966e+02 5.936351e+01 1.359654e+02
1.553994e+02 1.024070e+02 9.006944e+01
2.893731e+02 1.179797e+02 2.169725e+02
2.873481e+02 1.078314e+02 2.251622e+02
3.582868e+02 2.971228e+01 7.085840e+00
7.624958e+01 1.046133e+02 2.951037e+02
1.184468e+02 9.200273e+01 1.864600e+02
2.744431e+02 1.215721e+02 3.273963e+02
2.724334e+02 8.641679e+01 4.270499e+01
3.460596e+02 1.254334e+02 3.406137e+02
2.051612e+02 1.141788e+02 3.337361e+02
2.190622e+02 8.633218e+01 3.412980e+01
1.314332e+02 8.913087e+01 1.494927e+02
1.236771e+02 9.010078e+01 1.162304e+02
2.159957e+02 3.461426e+01 3.046513e+02
1.892264e+02 6.256856e+01 3.412621e+02
1.745879e+02 3.692483e+01 2.625194e+02
2.360341e+02 5.242137e+01 2.461859e+02
1.377072e+01 9.597714e+01 2.309083e+02
6.837220e+01 1.220047e+02 1.137177e+02
3.343483e+02 1.499687e+02 2.635728e+02
2.098727e+02 1.155693e+02 5.675343e+01
5.547749e+00 9.784676e+01 2.736254e+02
1.057231e+02 9.514930e+01 3.308757e+01
1.629367e+01 1.652338e+01 3.483554e+02
2.861034e+02 3.137134e+01 2.192279e+02
2.560917e+02 7.874666e+01 3.221829e+02
1.930901e+02 8.036566e+01 6.989275e+01
2.112461e+02 1.407014e+02 3.557009e+02
7.594105e+01 1.016306e+02 8.687335e+01
1.490094e+02 2.765499e+01 8.043154e+01
1.856954e+02 1.248445e+02 1.447193e+02
3.018006e+02 1.312309e+02 2.811263e+02
2.375678e+02 1.078322e+02 3.021163e+02
1.732234e+02 7.609112e+01 1.474199e+02
3.069953e+02 9.738462e+01 1.448642e+02
1.733501e+02 9.969154e+01 2.778300e+02
9.802651e+01 1.154427e+02 8.968489e+01
2.632305e+02 3.588658e+01 3.116668e+02
3.490089e+02 6.855822e+01 2.455870e+02
1.352241e+02 1.423235e+02 3.518615e+02
8.589604e+01 1.464126e+02 6.678861e+01
8.737371e+01 1.667083e+02 7.782579e+01
6.818184e+00 3.312051e+01 1.126519e+02
3.537551e+02 1.053583e+02 2.707243e+02
2.889430e+02 9.897190e+01 1.323852e+02
2.028547e+02 8.129082e+01 2.176042e+02
1.399784e+02 1.288993e+02 1.380366e+02
2.349102e+02 1.628522e+02 1.981756e+02
3.577349e+02 7.157874e+01 1.387593e+02
2.569557e+02 9.474385e+01 2.395566e+02
3.685211e+01 1.268715e+02 5.297099e+00
1.610240e+02 1.273701e+02 2.927248e+02
2.494061e+02 6.722283e+01 1.259482e+02
1.198641e+02 6.034118e+01 2.575856e+02
3.318296e+02 8.502802e+01 3.452018e+02
2.276968e+02 8.703577e+01 1.826702e+02
3.355868e+02 1.007527e+02 2.398206e+02
1.533313e+02 8.345724e+01 1.546076e+02
1.081763e+02 6.253144e+01 3.058195e+02
3.200503e+02 1.143919e+02 2.355240e+02
6.254567e+00 5.531180e+01 1.815328e+02
5.329984e+01 1.480340e+02 1.326658e+02
3.452984e+02 9.324692e+01 2.466898e+02
2.572090e+02 1.016357e+02 3.571471e+01
1.103280e+02 3.469201e+01 1.715286e+01
2.981146e+02 9.827680e+01 3.129609e+02
2.908411e+02 2.710560e+01 2.346723e+02
3.273318e+02 1.010077e+02 2.197651e+02
2.314127e+02 1.209979e+02 1.519005e+02
2.263268e+02 4.182042e+01 1.813347e+02
4.264959e+01 9.068891e+01 5.909073e+01
3.308301e+02 9.879226e+01 3.354197e+01
2.246332e+02 8.398822e+01 2.467170e+02
9.273057e+01 1.201895e+02 5.136167e+01
3.424693e+02 1.190572e+02 1.903362e+02
1.663407e+01 1.254878e+02 1.286198e+00
7.533771e+00 8.072074e+01 1.530208e+02
3.169805e+01 4.790964e+01 8.076273e+01
1.864234e+02 4.514460e+01 2.375792e+02
3.163190e+02 7.327406e+01 1.811167e+02
1.447845e+02 1.406621e+01 2.160206e+02
