


B 810
   5.56   67.66  267.04   0.0012346
 193.75   39.47  354.09   0.0012346
  75.34   57.30   23.13   0.0012346
  60.17   81.50  210.05   0.0012346
  81.97   39.79  285.83   0.0012346
  94.04   91.22  231.25   0.0012346
 264.09   41.23  201.71   0.0012346
 209.39  162.09   63.65   0.0012346
  22.03  147.43  166.34   0.0012346
  68.96  100.50  240.58   0.0012346
 185.33  102.85  277.72   0.0012346
 300.13   70.60  260.24   0.0012346
 210.62   30.86  331.47   0.0012346
 249.46   16.69   71.60   0.0012346
 212.08   40.87  321.97   0.0012346
 170.51  138.42  303.36   0.0012346
  73.10   41.96   38.12   0.0012346
  27.15   96.61   25.32   0.0012346
 263.02  120.32  322.96   0.0012346
 182.85  104.57  234.59   0.0012346
 221.10   59.85  260.17   0.0012346
 114.53   87.54   68.43   0.0012346
 116.94  174.75  173.42   0.0012346
 225.22   17.63  267.14   0.0012346
 332.01  134.02  350.89   0.0012346
 268.36   25.98    1.85   0.0012346
 118.85   39.85  133.71   0.0012346
 160.69  132.73  320.26   0.0012346
 349.58  107.04  108.05   0.0012346
  61.02   94.36  166.26   0.0012346
 127.27   84.80   95.12   0.0012346
 138.27   84.43  251.15   0.0012346
 107.44  115.88  168.54   0.0012346
 339.42   14.04  194.08   0.0012346
 106.73   63.32  323.34   0.0012346
 237.15  109.48  249.08   0.0012346
  61.41   80.57  111.39   0.0012346
 158.85  141.54  163.89   0.0012346
 264.40    7.25   54.52   0.0012346
 282.82  102.74  117.64   0.0012346
 292.95  145.38  116.49   0.0012346
 316.05  136.93  305.55   0.0012346
 181.76   91.75   68.94   0.0012346
 230.31   73.95   12.92   0.0012346
  53.80   12.21  246.78   0.0012346
 175.59  127.88   24.41   0.0012346
 180.54   90.62  345.26   0.0012346
 102.39   32.01  149.23   0.0012346
 155.26   47.98  103.45   0.0012346
 307.60  106.76  154.39   0.0012346
 161.47  155.66  194.14   0.0012346
  73.30   70.26  204.09   0.0012346
 291.41  147.60  306.53   0.0012346
 140.86  123.60   71.07   0.0012346
  93.24   85.50  249.65   0.0012346
  97.71  165.96    3.90   0.0012346
  65.26   24.39  325.33   0.0012346
  58.70  143.55  155.87   0.0012346
 210.90   77.51  192.04   0.0012346
  91.89   83.27  328.84   0.0012346
 350.42   91.95  126.20   0.0012346
 244.61   86.43  336.06   0.0012346
 244.74   30.82  130.01   0.0012346
  56.29  107.86  216.05   0.0012346
  12.12  123.79  226.02   0.0012346
 128.50   20.97  128.17   0.0012346
 109.88   66.31  285.01   0.0012346
  36.33  102.51  290.07   0.0012346
 296.54  102.09   32.25   0.0012346
 259.17   60.33  295.35   0.0012346
 198.39  146.59   58.15   0.0012346
 303.77   77.41  275.53   0.0012346
 346.14   65.80  112.80   0.0012346
  27.80   24.12   23.33   0.0012346
 327.97  155.58  346.15   0.0012346
 195.72   33.41  257.05   0.0012346
   4.36   41.31  340.50   0.0012346
 163.21  101.94    1.52   0.0012346
 176.55  117.83  249.36   0.0012346
  42.82   98.14  171.57   0.0012346
 114.51  114.92  215.60   0.0012346
  12.29   91.23   24.40   0.0012346
  75.87  103.57  151.44   0.0012346
  79.95   67.97  148.50   0.0012346
  36.62  127.30  106.00   0.0012346
 316.61  134.92  224.40   0.0012346
 235.23   70.05  358.23   0.0012346
 245.64   49.99  192.39   0.0012346
 178.65   42.73  141.64   0.0012346
 226.54   52.64  143.55   0.0012346
 359.22  146.34   20.99   0.0012346
  52.30  139.64  344.53   0.0012346
 358.31   50.36  302.98   0.0012346
 275.87   96.15   30.71   0.0012346
 343.36  121.96  343.50   0.0012346
 352.54   22.28  137.50   0.0012346
  70.19  115.07  242.03   0.0012346
 358.76  104.89  335.16   0.0012346
 165.71   99.64   39.17   0.0012346
  65.28  148.34  268.61   0.0012346
 159.02   26.32  284.58   0.0012346
 112.60   73.53   36.36   0.0012346
 106.08   12.34    0.38   0.0012346
 182.08  115.66   26.71   0.0012346
  14.38   49.51  277.14   0.0012346
 289.45  116.45   37.39   0.0012346
  55.51  120.98  130.30   0.0012346
 348.14   92.84  238.69   0.0012346
 303.82   73.24  194.05   0.0012346
 238.36  138.77  131.93   0.0012346
 177.85   22.67  164.06   0.0012346
 333.06   38.22  353.52   0.0012346
  49.29   94.48  118.53   0.0012346
 344.38   24.74  328.90   0.0012346
 207.96  136.71  146.88   0.0012346
  70.71  117.55  226.73   0.0012346
 212.85   49.96   98.32   0.0012346
 236.73   37.69  125.66   0.0012346
 347.17   25.08  260.93   0.0012346
  60.45  105.42   20.18   0.0012346
 221.30   51.54    1.67   0.0012346
 111.98   99.70   22.98   0.0012346
 267.57   36.41  261.46   0.0012346
  78.44  101.54  200.34   0.0012346
  81.76   84.63  172.27   0.0012346
 221.39   76.92   88.36   0.0012346
 218.45    1.80  183.56   0.0012346
  91.96   86.17   58.81   0.0012346
 307.00  113.38   57.32   0.0012346
 291.94   71.50   53.93   0.0012346
 123.01   34.57  230.28   0.0012346
 248.11  128.80  254.93   0.0012346
 113.52   99.72   56.21   0.0012346
   2.66   34.00  115.14   0.0012346
 190.57   42.14  287.51   0.0012346
 116.35   64.58  208.47   0.0012346
 252.67  112.70  187.35   0.0012346
 244.14   81.12  316.94   0.0012346
 103.25  105.17  328.19   0.0012346
  15.80   82.56   67.38   0.0012346
 335.03   92.99  303.13   0.0012346
  83.07   38.14  206.38   0.0012346
 237.20  120.83   64.48   0.0012346
 319.99  116.30  161.94   0.0012346
 149.01   80.07  193.28   0.0012346
 196.88  102.86  292.14   0.0012346
  17.71   90.48  112.88   0.0012346
 342.07   20.65  164.31   0.0012346
  35.73  154.32  143.54   0.0012346
  87.25   28.11  102.05   0.0012346
 299.13  143.42   44.23   0.0012346
 217.09   79.60    4.29   0.0012346
   9.64   48.38  239.84   0.0012346
 268.60   19.57   72.85   0.0012346
  45.61  148.59  309.34   0.0012346
  47.54  110.57  119.45   0.0012346
 209.45   48.91  335.70   0.0012346
 189.78  104.33   34.09   0.0012346
  20.54  124.44  168.26   0.0012346
 262.37   72.87  299.81   0.0012346
 264.91  161.21  332.30   0.0012346
  25.98   78.18   72.49   0.0012346
 220.54   47.43  320.88   0.0012346
 337.60   58.99  262.07   0.0012346
 317.00  104.46  278.16   0.0012346
 297.38   41.21  335.26   0.0012346
  93.41   24.89  175.09   0.0012346
 354.97   88.51    9.58   0.0012346
 187.80  103.94  154.07   0.0012346
 236.08  120.68  160.12   0.0012346
 178.48   88.51  251.95   0.0012346
  35.06   96.19    0.35   0.0012346
 175.78   35.56  112.05   0.0012346
 200.05   57.42  349.02   0.0012346
 233.87   49.23  148.60   0.0012346
   0.91   87.67  322.31   0.0012346
  99.40  108.70   50.96   0.0012346
 290.03   75.10  209.26   0.0012346
 108.13  125.18  272.54   0.0012346
 261.25  118.51  148.44   0.0012346
 148.09   20.51  207.75   0.0012346
 184.45  127.82   45.02   0.0012346
 232.09   71.49  348.96   0.0012346
 276.58  151.66  132.77   0.0012346
  42.58   69.33   87.03   0.0012346
 192.93  108.63   27.33   0.0012346
 238.14  154.67  100.97   0.0012346
 259.90  131.30   81.88   0.0012346
 119.57   54.36  228.01   0.0012346
  66.27  150.99  354.34   0.0012346
  71.07   86.14  336.05   0.0012346
 135.46   69.67  194.53   0.0012346
 342.55   95.14   10.72   0.0012346
 275.48  102.64   32.94   0.0012346
   1.62   91.47  148.67   0.0012346
 137.29   75.79  348.15   0.0012346
  92.52  113.17  186.49   0.0012346
 210.31  174.12  348.09   0.0012346
 213.43   67.55  337.82   0.0012346
 335.84   58.65   19.14   0.0012346
  50.90  121.66  206.43   0.0012346
 337.02   73.15   11.94   0.0012346
  26.23  117.44  179.11   0.0012346
 262.70   79.98  311.01   0.0012346
  46.08  104.63  115.75   0.0012346
 290.07  121.53   11.51   0.0012346
 167.50  110.89   87.19   0.0012346
 255.48  123.07  305.87   0.0012346
  35.16   98.89  286.64   0.0012346
 211.50   77.52  242.14   0.0012346
 352.50  106.99  112.46   0.0012346
  97.86  119.10    2.60   0.0012346
 348.03  134.94   96.57   0.0012346
 129.28   95.57  257.90   0.0012346
 224.10  145.83  201.72   0.0012346
 175.33   97.49  162.00   0.0012346
 315.20  129.83  233.13   0.0012346
 327.91  107.02   87.68   0.0012346
 357.57  119.27  190.72   0.0012346
  69.90   73.40  106.60   0.0012346
 126.05  156.93  352.52   0.0012346
 299.36   69.89  342.30   0.0012346
 307.97   80.91  356.15   0.0012346
  48.83   19.44   93.10   0.0012346
   4.45   92.15  229.95   0.0012346
  18.30  115.14   57.76   0.0012346
  95.85   83.14  221.24   0.0012346
 180.00  130.20  354.51   0.0012346
  81.60  142.59   84.23   0.0012346
 163.50  109.07    0.43   0.0012346
 180.55  131.98  288.82   0.0012346
  78.13   91.12  223.19   0.0012346
 268.99   89.88  308.22   0.0012346
 106.87  171.23   36.21   0.0012346
 173.52  136.56  305.17   0.0012346
 346.10   36.85  274.70   0.0012346
  45.23   40.38  240.67   0.0012346
  14.36  124.21   60.15   0.0012346
 268.97  147.29   96.85   0.0012346
 105.33  110.62   57.95   0.0012346
  10.00   62.08   79.74   0.0012346
 222.20  140.23  104.99   0.0012346
 283.71   37.82  135.65   0.0012346
 224.17   13.48   27.43   0.0012346
  29.17   20.01  297.79   0.0012346
 209.57   58.50   14.68   0.0012346
  11.83   42.78  271.92   0.0012346
 281.95  140.73   36.42   0.0012346
 141.01   48.55   24.00   0.0012346
 122.64  121.39  102.22   0.0012346
 296.29   79.46   93.56   0.0012346
 270.94   62.57   89.31   0.0012346
 164.78   49.53  268.95   0.0012346
 176.71   93.41   79.65   0.0012346
 274.08  110.90  196.82   0.0012346
 291.71   89.15  285.34   0.0012346
 353.27   93.07  139.99   0.0012346
 244.71  100.38  141.46   0.0012346
 254.38   92.30  146.80   0.0012346
  82.71   74.40  355.33   0.0012346
 219.33  100.58  193.80   0.0012346
 115.60   84.34   20.31   0.0012346
 157.25   13.07  138.56   0.0012346
  70.81   34.42  216.04   0.0012346
 250.67   72.67  228.40   0.0012346
 125.62  106.78  130.32   0.0012346
 182.32   91.72  319.97   0.0012346
 167.71  113.84   28.00   0.0012346
 199.46  121.79  283.80   0.0012346
 108.17   71.51  129.72   0.0012346
 277.46   86.79   30.30   0.0012346
  91.05   24.33  117.75   0.0012346
 160.28   45.36  100.30   0.0012346
  13.09  139.81  134.74   0.0012346
  59.22   20.91  241.35   0.0012346
 182.16  116.56  102.49   0.0012346
 201.78  146.68   91.55   0.0012346
 331.71   82.13   88.34   0.0012346
 308.37   16.15  353.96   0.0012346
 242.40  160.55   35.37   0.0012346
 226.46   98.71  335.86   0.0012346
  39.39  117.40  183.09   0.0012346
 341.46  118.40  276.92   0.0012346
  54.09  154.33  252.50   0.0012346
  31.16   14.26  357.36   0.0012346
 191.74   93.86  120.24   0.0012346
 294.47  106.30  237.78   0.0012346
 251.30   98.67  280.61   0.0012346
 339.92   61.79   78.67   0.0012346
  27.32   76.42  254.80   0.0012346
  26.53  113.13   60.21   0.0012346
 226.07  101.02   92.90   0.0012346
 189.18   28.37   77.06   0.0012346
  61.10   59.06  211.38   0.0012346
 291.78   24.34  307.90   0.0012346
 182.31  140.99  255.80   0.0012346
 238.10   21.68  316.22   0.0012346
 153.30   85.38  106.52   0.0012346
 267.05  147.39  169.05   0.0012346
 189.65  133.25   88.58   0.0012346
 317.41   86.95    8.99   0.0012346
 205.72   59.72  247.81   0.0012346
 260.17   45.24  274.74   0.0012346
  50.90   14.54  112.32   0.0012346
 202.09   18.23  218.44   0.0012346
  70.44  100.88   43.48   0.0012346
 304.19   91.29  347.24   0.0012346
 259.22   99.65  310.41   0.0012346
 234.89   51.90   59.09   0.0012346
 275.52  128.61   95.03   0.0012346
 356.60  100.33  218.00   0.0012346
  12.07   40.88   25.21   0.0012346
 152.79  117.05  278.52   0.0012346
 224.37   87.34  178.08   0.0012346
 304.08   61.74  147.01   0.0012346
   7.98  109.87  315.29   0.0012346
  11.73   15.96  307.40   0.0012346
 282.91   39.13   87.47   0.0012346
 258.33  114.38   61.64   0.0012346
  82.65   28.15   12.05   0.0012346
 277.07   86.09   33.42   0.0012346
 288.85   42.42  358.51   0.0012346
 165.95   95.58  255.08   0.0012346
 294.01  111.69  350.27   0.0012346
 276.31   67.51  275.78   0.0012346
 310.35  118.48  242.01   0.0012346
 350.85   31.69   65.06   0.0012346
 112.35   89.59  314.36   0.0012346
  51.54   92.91  128.32   0.0012346
 147.75   58.44  197.20   0.0012346
 310.00  125.39  265.98   0.0012346
 143.87  150.08  337.43   0.0012346
  90.34   48.61    5.98   0.0012346
  29.09  110.27  346.50   0.0012346
  48.75  156.68   57.92   0.0012346
 322.05  135.11  145.41   0.0012346
 111.03  138.52   46.61   0.0012346
 182.09   21.47  185.97   0.0012346
 155.58  106.23  342.01   0.0012346
 285.28   34.49  223.32   0.0012346
 284.98   90.09  232.48   0.0012346
 242.69   56.42   57.54   0.0012346
 137.27   85.97  353.70   0.0012346
  94.85  146.16    1.54   0.0012346
 232.17  151.08    5.53   0.0012346
 247.86  124.54  280.72   0.0012346
  81.70   49.89  302.42   0.0012346
 354.38   46.51  328.71   0.0012346
 181.23   82.13  287.09   0.0012346
 275.04   71.01  198.91   0.0012346
 262.91  104.32  184.80   0.0012346
 328.03  153.65   35.63   0.0012346
 175.24   61.81   65.26   0.0012346
 190.23  107.94   53.09   0.0012346
 263.05   46.26  297.41   0.0012346
  31.92  145.63  104.37   0.0012346
  90.64   81.06  140.52   0.0012346
  59.44   75.33  201.72   0.0012346
 353.70   90.17  224.76   0.0012346
 353.00   76.13  308.98   0.0012346
 300.61  115.25   68.38   0.0012346
  23.59   72.25   87.81   0.0012346
 262.51   29.33  284.85   0.0012346
 216.04  156.40  174.79   0.0012346
  51.12   37.83  306.94   0.0012346
   2.93  120.78   22.44   0.0012346
 302.41  105.82  223.97   0.0012346
 108.97   87.45  164.43   0.0012346
 349.00  120.06   34.08   0.0012346
 104.66  111.64  202.75   0.0012346
 217.03   97.61  101.36   0.0012346
 359.06   39.44  313.00   0.0012346
 207.45   70.82  108.75   0.0012346
 250.10  154.18  122.86   0.0012346
  81.39   42.42  285.15   0.0012346
 231.27  101.60  175.98   0.0012346
 129.54   58.51  308.54   0.0012346
 342.17   23.52  142.61   0.0012346
 148.46  122.73  347.32   0.0012346
 301.92   90.56   68.28   0.0012346
  54.47  119.94   36.89   0.0012346
  83.90   46.09  271.00   0.0012346
 158.45  130.79  274.11   0.0012346
 273.81  122.80  294.95   0.0012346
 217.78   83.64  258.40   0.0012346
  78.63  107.51  148.15   0.0012346
  57.40   91.12  276.28   0.0012346
 123.91  137.91  112.00   0.0012346
 282.12   94.05  287.59   0.0012346
 189.47   40.61  271.05   0.0012346
 251.47   79.95  319.24   0.0012346
 246.24  126.02  267.15   0.0012346
  56.98  133.52  145.48   0.0012346
 153.01   72.52  100.33   0.0012346
  97.30  177.26   23.53   0.0012346
 266.51   28.01  177.46   0.0012346
  82.66   99.63  248.11   0.0012346
 241.97   82.17  192.97   0.0012346
  13.35   55.08  130.80   0.0012346
 255.42   95.53   61.26   0.0012346
  33.58   80.60  356.86   0.0012346
 131.09  109.20   28.34   0.0012346
 170.37  121.21  347.95   0.0012346
 357.23  138.89  175.78   0.0012346
 323.63   94.32  251.45   0.0012346
 161.20   67.43  342.59   0.0012346
  84.91  118.91   56.42   0.0012346
  31.49  114.24  193.17   0.0012346
 214.01   95.70  183.55   0.0012346
 355.94   85.43  171.54   0.0012346
 283.64   56.85   97.95   0.0012346
 283.02   35.26  158.07   0.0012346
 111.62  104.90  183.99   0.0012346
 141.93   88.28   85.02   0.0012346
  11.73  122.73  222.49   0.0012346
 353.95   80.60  291.41   0.0012346
 238.72   72.95   82.93   0.0012346
 348.78   85.44  323.73   0.0012346
 189.96  141.54  346.50   0.0012346
 307.99  151.48  289.01   0.0012346
 178.17   40.03  168.96   0.0012346
  52.37   72.00   92.16   0.0012346
 125.44  106.26   43.10   0.0012346
 122.08   91.19  189.32   0.0012346
 292.84  144.19    8.24   0.0012346
 254.58   48.95  183.64   0.0012346
 192.19   42.83  179.15   0.0012346
 167.62   59.76  341.77   0.0012346
 205.88   71.94  305.96   0.0012346
 139.68   79.54   25.11   0.0012346
 138.25   63.47  293.63   0.0012346
 142.93   41.97  220.45   0.0012346
 210.91   50.21   66.42   0.0012346
  84.04   23.45   89.51   0.0012346
 294.09   98.17  141.50   0.0012346
  67.11   26.65  106.29   0.0012346
  28.26  151.75   44.46   0.0012346
 155.66  136.51    1.25   0.0012346
 274.73   35.37  284.16   0.0012346
  91.46   91.69  228.65   0.0012346
  28.98   21.45  359.03   0.0012346
 115.24  117.29  184.52   0.0012346
 237.84  119.75   82.06   0.0012346
 196.14   79.89  311.57   0.0012346
  62.35  116.93   43.06   0.0012346
 148.97   67.45  267.00   0.0012346
 284.42   87.70   31.80   0.0012346
 119.67   74.28   36.65   0.0012346
  20.41   40.33  127.75   0.0012346
 186.07  119.92  209.43   0.0012346
 144.90   71.69  200.59   0.0012346
   8.23   77.87  325.74   0.0012346
 258.08   74.66   31.96   0.0012346
 173.16   96.87  127.48   0.0012346
  67.94  162.18  194.44   0.0012346
  93.28  162.24   95.41   0.0012346
  47.72   88.21  109.20   0.0012346
 221.25   50.73  167.43   0.0012346
 127.95  120.68   31.57   0.0012346
 166.48  102.68  329.87   0.0012346
   1.02   96.23  236.74   0.0012346
  38.17  128.28  124.87   0.0012346
 134.05   59.54   98.09   0.0012346
  77.95  149.83   70.58   0.0012346
  50.75   20.47  228.47   0.0012346
 104.93   72.46  321.89   0.0012346
  15.26   21.33  299.82   0.0012346
   5.66  103.94  337.82   0.0012346
  40.19  158.71   68.09   0.0012346
   1.76  141.28  268.71   0.0012346
 344.74   80.91  197.55   0.0012346
 190.12   92.08  235.71   0.0012346
  69.74   69.59   17.75   0.0012346
 307.06  135.83  243.43   0.0012346
 188.31   76.98   38.49   0.0012346
 352.34  144.02  358.19   0.0012346
 277.71   65.49    1.40   0.0012346
   7.83   13.05  283.62   0.0012346
 347.13   92.80  160.56   0.0012346
  69.55   99.15  308.51   0.0012346
  25.24  113.09  351.66   0.0012346
 174.44   45.35   82.41   0.0012346
 278.24  117.43   10.45   0.0012346
  40.54   91.01  292.19   0.0012346
  13.91   64.04  177.32   0.0012346
 305.01  116.83   59.33   0.0012346
 170.45  119.00   67.51   0.0012346
 358.97   81.37  139.62   0.0012346
 244.30   27.46  177.27   0.0012346
 129.30   62.49  119.46   0.0012346
 242.67  171.76   88.43   0.0012346
   3.40   39.12  216.65   0.0012346
 105.35   99.85  140.41   0.0012346
 263.98  119.14  251.65   0.0012346
  89.91   71.93  342.20   0.0012346
 359.19   72.68  233.47   0.0012346
 292.39   51.14  255.85   0.0012346
 352.78   76.70  191.15   0.0012346
 169.41   94.93  217.36   0.0012346
  96.87   83.35  329.01   0.0012346
 297.24   99.50   35.16   0.0012346
  43.23  116.66  255.34   0.0012346
 139.61  138.13  327.94   0.0012346
  84.62   80.74  354.18   0.0012346
  92.37   18.11   12.01   0.0012346
  66.10   58.27  310.40   0.0012346
 227.07   46.99  151.47   0.0012346
 214.34  134.71   85.68   0.0012346
 161.53  110.07   95.92   0.0012346
  73.69   98.33  212.86   0.0012346
  32.48   33.07  183.16   0.0012346
 135.76   83.94   95.31   0.0012346
 186.47  164.66  149.87   0.0012346
  21.34   58.05  104.61   0.0012346
 185.80  121.94  106.03   0.0012346
 124.88  152.89   76.02   0.0012346
 247.19  132.46   65.84   0.0012346
 110.72   26.87  338.06   0.0012346
 130.09   35.71  150.99   0.0012346
  28.15  139.23  121.33   0.0012346
 111.89  104.73  267.55   0.0012346
 182.77  125.25  265.65   0.0012346
  68.63   53.97  359.12   0.0012346
 193.06   32.22    1.86   0.0012346
 291.22   81.00  314.35   0.0012346
 122.18   65.08  220.68   0.0012346
  95.91   41.84  100.40   0.0012346
  77.78   89.09  193.59   0.0012346
 295.57   71.75  322.77   0.0012346
 194.37   59.89  282.40   0.0012346
 230.97  137.87  198.09   0.0012346
 142.67  152.28   98.85   0.0012346
 265.50   87.23   30.81   0.0012346
 305.17  105.94   79.43   0.0012346
 313.30  111.73  353.49   0.0012346
  74.81  146.86    6.26   0.0012346
  97.14  112.86   12.95   0.0012346
  53.71  142.39   66.47   0.0012346
 342.01  138.30  286.01   0.0012346
 163.92  102.70  358.80   0.0012346
 175.42   93.67  331.26   0.0012346
 166.66   68.79   86.78   0.0012346
 199.63   74.65  288.98   0.0012346
 311.57  128.97  248.12   0.0012346
  52.61   92.32   87.51   0.0012346
 152.30   23.92   29.91   0.0012346
 164.47   95.79  213.63   0.0012346
 156.09  162.02   27.06   0.0012346
   6.82   97.70   59.51   0.0012346
  89.93  149.67   83.65   0.0012346
  51.55   79.88   54.75   0.0012346
 110.57  130.91    3.04   0.0012346
 321.77   99.40  283.19   0.0012346
 256.92  119.45  104.20   0.0012346
  70.02  128.48  177.68   0.0012346
 359.20   25.26  326.87   0.0012346
 183.12  115.37  341.38   0.0012346
  97.74   52.21  154.01   0.0012346
 261.63  134.63  289.88   0.0012346
   6.90   92.12  251.21   0.0012346
 266.51  152.30  128.11   0.0012346
 196.64  131.93   58.26   0.0012346
 273.17   56.52  354.62   0.0012346
 140.27  153.28  148.77   0.0012346
 212.12   37.40  190.12   0.0012346
 317.29  112.60  280.72   0.0012346
 182.00  172.48  242.46   0.0012346
 165.07   15.91  336.78   0.0012346
 341.27   78.70  275.41   0.0012346
  71.12   85.11  294.80   0.0012346
   0.10   57.17  349.58   0.0012346
  26.94  115.07  103.38   0.0012346
 166.12  134.65   79.26   0.0012346
  36.95   96.49   87.40   0.0012346
 257.79   24.59  298.91   0.0012346
 270.30   86.76   30.49   0.0012346
 183.96   64.33  221.40   0.0012346
  96.52   52.20  330.85   0.0012346
  71.92  154.43  162.07   0.0012346
 136.84   59.87  359.03   0.0012346
 280.75   90.80   38.78   0.0012346
  13.27  111.17   85.98   0.0012346
   9.50   73.10  203.04   0.0012346
  74.56   31.23  131.37   0.0012346
 314.06   35.00  197.03   0.0012346
 183.90  108.90  351.04   0.0012346
  56.56  150.80  145.41   0.0012346
 143.28   56.04  194.80   0.0012346
  63.68   92.00  199.01   0.0012346
  60.46  118.48  184.71   0.0012346
  85.26   83.16  163.58   0.0012346
  57.82   55.68  126.20   0.0012346
 176.80   76.37  247.44   0.0012346
 274.85   53.60   89.35   0.0012346
 181.60   88.59  114.42   0.0012346
  75.90  107.89  232.36   0.0012346
  83.76   59.92   80.46   0.0012346
 286.88  146.94  112.37   0.0012346
 200.72  145.64  346.74   0.0012346
 147.32   90.22  240.10   0.0012346
 197.30   28.62   59.78   0.0012346
  67.99  106.71  341.86   0.0012346
  32.10   95.15  192.63   0.0012346
 262.94  130.79  268.79   0.0012346
  10.82   36.55  303.08   0.0012346
 219.10  159.86  200.96   0.0012346
 283.31   71.53   77.08   0.0012346
 292.74  158.17  155.56   0.0012346
 270.70  113.38  200.76   0.0012346
 234.67  100.87    4.23   0.0012346
 258.30   75.56  124.70   0.0012346
 188.26   52.33  203.26   0.0012346
   0.06  144.25  172.22   0.0012346
 259.68   19.02  256.59   0.0012346
 307.53  148.94  230.70   0.0012346
  85.61  162.30  299.75   0.0012346
 119.02   90.22  192.11   0.0012346
 336.17   53.28   11.68   0.0012346
 217.18  139.02   27.30   0.0012346
 245.45  112.53  353.62   0.0012346
 299.42   95.00  144.93   0.0012346
 184.82    1.71  310.21   0.0012346
 100.57   80.81  208.36   0.0012346
 221.19   70.51  195.97   0.0012346
 296.54  126.58  196.69   0.0012346
 148.48   58.78  189.78   0.0012346
 126.50   29.03  151.87   0.0012346
   1.65   93.27  298.47   0.0012346
 219.42   85.80  240.07   0.0012346
 154.76   17.33   64.48   0.0012346
 229.12   72.62  174.26   0.0012346
 331.18  144.93  140.75   0.0012346
  28.02  100.43  262.53   0.0012346
 260.43  110.17   90.56   0.0012346
 263.34  104.76  291.21   0.0012346
  76.81  109.60  316.85   0.0012346
 349.45  144.69  197.16   0.0012346
  88.64   71.21  230.96   0.0012346
 225.26   79.92  167.18   0.0012346
   5.64   18.29   48.30   0.0012346
 323.52   85.45   87.47   0.0012346
 248.21   77.78  334.98   0.0012346
  96.45  127.47  358.48   0.0012346
 355.54   96.99   28.10   0.0012346
  30.40   97.53  331.59   0.0012346
 334.85   34.59  282.53   0.0012346
 100.13  145.38  298.30   0.0012346
 334.73   21.03  283.63   0.0012346
   4.69   95.32  226.45   0.0012346
 154.18  117.77  352.00   0.0012346
 323.10   33.40  141.51   0.0012346
  52.91   28.22   60.08   0.0012346
 212.05   55.53    5.09   0.0012346
 300.79   35.28  207.24   0.0012346
 352.16   66.96  334.94   0.0012346
 271.75  110.09  212.95   0.0012346
  65.25   55.84    4.78   0.0012346
 339.59  138.69  347.76   0.0012346
  62.80  143.26  265.90   0.0012346
 355.87  101.55  302.36   0.0012346
  74.62   81.97  146.67   0.0012346
 146.89   76.96   68.00   0.0012346
   3.24  141.72    4.68   0.0012346
 196.36   81.09  291.96   0.0012346
 218.34   74.42   86.24   0.0012346
 249.07  117.33  323.11   0.0012346
 252.30   39.04  300.49   0.0012346
 154.38   62.34  270.49   0.0012346
 120.14  136.94  316.26   0.0012346
 101.08  151.22  189.69   0.0012346
 313.37  100.54  158.44   0.0012346
 238.51   44.56  320.03   0.0012346
 166.99   43.38  280.27   0.0012346
 263.57  160.35   85.40   0.0012346
 261.11   58.86  195.93   0.0012346
 353.51   28.67  168.29   0.0012346
 272.37  122.03  273.92   0.0012346
 330.94   77.51  285.07   0.0012346
 353.27   51.94  242.72   0.0012346
 258.66  111.00  353.79   0.0012346
 337.01  104.68  359.66   0.0012346
 317.41  112.48  158.76   0.0012346
 325.50   65.70  275.16   0.0012346
 284.16  105.26  220.93   0.0012346
 297.49   70.71  314.59   0.0012346
 140.36   40.88  291.50   0.0012346
 266.46   60.21  280.88   0.0012346
  13.11   82.73  220.97   0.0012346
 331.55  115.06  255.01   0.0012346
 301.56   25.61  324.47   0.0012346
 356.76  100.57  122.25   0.0012346
 211.05   68.68  185.12   0.0012346
 264.67  128.69  269.18   0.0012346
 290.82  139.60  212.71   0.0012346
  19.56  100.91  250.75   0.0012346
 292.73  137.71  190.22   0.0012346
  24.25   98.14  352.00   0.0012346
  18.20   38.63  191.25   0.0012346
  10.15   59.79   66.97   0.0012346
 186.26   84.38   43.66   0.0012346
  94.54  102.67  232.70   0.0012346
 305.23   93.39    8.59   0.0012346
  67.88  143.82   69.48   0.0012346
 161.42  148.63  233.58   0.0012346
 204.23   82.97  287.71   0.0012346
 104.76   35.83   77.52   0.0012346
 293.63   37.92  348.62   0.0012346
 134.36  162.78   82.95   0.0012346
  88.64  131.20    2.47   0.0012346
  41.12   22.66   97.38   0.0012346
 130.44   16.42  327.89   0.0012346
 252.44   84.64  302.43   0.0012346
 199.76  144.25  248.48   0.0012346
 245.46   87.75  325.40   0.0012346
 277.67   83.75  197.21   0.0012346
 134.84  133.26  344.70   0.0012346
 161.97  154.61  305.61   0.0012346
 166.36  128.54    7.64   0.0012346
 283.82  128.72  193.40   0.0012346
   4.92   54.15  303.30   0.0012346
  11.55   51.64  331.74   0.0012346
  31.69  110.93  194.00   0.0012346
 161.02  140.30   13.30   0.0012346
 144.94   30.43  331.42   0.0012346
  84.80   47.01  203.03   0.0012346
  21.09   38.37  329.15   0.0012346
  91.11  130.63  276.62   0.0012346
 189.96  120.63   89.79   0.0012346
 337.53  100.48   78.54   0.0012346
 357.99   77.78  140.93   0.0012346
  45.57  126.20  277.39   0.0012346
  61.25  101.87  356.23   0.0012346
 354.18   86.77  225.51   0.0012346
 189.39  121.29  116.67   0.0012346
 200.97  136.45  334.55   0.0012346
  70.85   96.11  243.02   0.0012346
 345.73   72.85   41.00   0.0012346
 358.88  151.62   66.26   0.0012346
 189.90   58.45  194.59   0.0012346
 307.17  134.46  296.71   0.0012346
 282.32   63.86  276.48   0.0012346
 196.01  139.50  182.53   0.0012346
 124.93   74.93  107.73   0.0012346
 227.94   97.36   71.04   0.0012346
 320.17  140.67  244.13   0.0012346
 305.14   83.42   87.29   0.0012346
 215.01   77.63   68.21   0.0012346
  89.58   80.16   72.06   0.0012346
 190.66   76.48  121.81   0.0012346
 186.13   91.07  320.29   0.0012346
 195.01   42.76  159.13   0.0012346
 135.00   34.48  332.09   0.0012346
 275.77   99.12   23.61   0.0012346
 199.73   14.95  354.50   0.0012346
 313.58   78.14  186.14   0.0012346
 113.39   67.62  314.26   0.0012346
 202.49   52.72  170.00   0.0012346
  20.58   92.22  146.21   0.0012346
 216.80  167.40  351.24   0.0012346
 291.97   83.81  106.76   0.0012346
 159.02  124.31   86.89   0.0012346
  97.51   88.29  240.74   0.0012346
 185.04  153.27  201.53   0.0012346
 165.83   82.62   83.06   0.0012346
 345.69   56.25  280.45   0.0012346
 262.82   87.68  220.46   0.0012346
  40.11  146.05  310.50   0.0012346
 131.72  162.98   54.43   0.0012346
 302.34   87.02  204.85   0.0012346
  16.29   86.39  335.60   0.0012346
 299.82  148.66  271.38   0.0012346
 290.30   95.42  216.09   0.0012346
 119.48  144.21  305.24   0.0012346
 159.26   56.81  192.94   0.0012346
  49.27   48.99  336.90   0.0012346
 105.57   77.60  222.18   0.0012346
 150.97   60.96  283.42   0.0012346
  60.65   51.92    3.16   0.0012346
 236.23  144.08  130.43   0.0012346
 292.46   19.83  245.04   0.0012346
 243.92   76.05  249.61   0.0012346
 283.05   84.29   46.22   0.0012346
 194.13  149.59  172.03   0.0012346
   0.15   85.88  191.08   0.0012346
 333.40  120.51  251.36   0.0012346
 311.86  103.11  157.33   0.0012346
 205.75   97.84  192.24   0.0012346
 205.12   56.91   73.03   0.0012346
  80.80   40.69  199.53   0.0012346
 100.56   35.94  353.36   0.0012346
  32.26   43.51  272.38   0.0012346
 180.07  119.25  261.42   0.0012346
 159.16   59.48  349.08   0.0012346
  72.05   34.30   15.98   0.0012346
  68.35   69.66  283.95   0.0012346
 192.98   13.74  282.02   0.0012346
 319.31  145.45  140.27   0.0012346
 114.43  132.67  132.62   0.0012346
 197.89   83.36  114.37   0.0012346
  92.18  119.97   86.05   0.0012346
  50.79  102.02   90.57   0.0012346
 156.87   63.73   92.21   0.0012346
 344.31   87.90  291.05   0.0012346
 294.31   54.78   70.40   0.0012346
 239.60   85.39  181.27   0.0012346
  95.24   90.73  148.06   0.0012346
 194.62  133.90  174.27   0.0012346
 197.79  128.96  243.29   0.0012346
 348.67   45.01  259.69   0.0012346
  10.16  158.07   75.27   0.0012346
