1001
  27.06   19.54  286.06   
 338.21  136.70  220.22   
 337.05   96.05  151.87   
 266.09   56.17  125.27   
 276.69   64.47  216.40   
 183.18   97.76   36.71   
 179.35  139.62   97.47   
 221.90  102.96  283.88   
 105.31  149.25  198.51   
  89.47   30.59  190.98   
 306.35   38.44  107.05   
 122.13  104.45  225.93   
 222.60   98.95  337.49   
 258.03   94.56   29.20   
 163.53   55.95  270.89   
  96.15  114.78  274.01   
 131.56   68.70   46.92   
 261.51   36.00  164.25   
 224.93   86.36  217.69   
  20.28  125.64  154.07   
 347.32   74.53   76.28   
 349.17  133.66  262.97   
 204.08  101.14  323.59   
  97.23  111.58  116.32   
 226.17   79.75  134.55   
 190.01  118.38  328.64   
 193.81   66.48  320.81   
 142.44  117.01   80.88   
 267.74   23.13   29.08   
 148.55  150.91   64.82   
 179.96   79.84  308.73   
  57.98   66.47  289.50   
 347.19   72.82   44.55   
 302.80   48.17   39.67   
 111.28   53.36  234.52   
 309.92   20.16   88.06   
   4.70   58.33  140.10   
 175.05   59.76  223.59   
 147.37  136.59  176.71   
 273.65  136.28   92.01   
 221.65   53.09   21.51   
 226.98  139.08  100.24   
 329.73   59.69   74.09   
 187.28   85.04    7.93   
 316.22  107.91  356.23   
 239.50  112.73  187.02   
 354.23   66.88  262.02   
 247.30   99.49  318.46   
  91.33  127.13   12.52   
  75.86  123.50  217.34   
 160.60   12.27  200.89   
  23.87   79.61  163.56   
 175.76   51.05  265.85   
 136.77  105.98  137.60   
  58.94   71.92   91.52   
  56.10   80.55   45.73   
 256.38   95.50  284.06   
  46.30  159.19  202.69   
   1.70   93.49  213.11   
 180.18  123.30  253.98   
 273.43   62.38    4.81   
 184.70   63.63  211.45   
 157.01   49.55   55.44   
   7.06   94.88   51.82   
  52.25  134.80  290.57   
 246.35   33.95  175.11   
  85.21   23.44  234.47   
 290.43   44.86  325.21   
 286.99   23.92  314.60   
 212.40   31.33  116.97   
 176.39   65.96   51.76   
 124.24  129.02  353.40   
  87.17  125.99  353.19   
 168.97  131.62  303.32   
 310.75   63.62  121.26   
  34.50   73.53   41.20   
   6.35  143.25   72.60   
 194.60  114.06  343.87   
  62.43   35.87  305.79   
 135.51   70.68  347.95   
 327.71   33.45  269.91   
  66.90   20.77  345.91   
 275.66   47.14  236.85   
 250.54  150.19   91.32   
 283.31   76.75    2.75   
 244.85   29.70  203.58   
  65.57  152.68  303.23   
 216.73   85.08  193.04   
 323.52   68.64   14.75   
 211.45   45.62  137.16   
 226.13   88.24  121.44   
  32.38  120.03   39.40   
 314.98  102.32  248.82   
 133.31  165.43  194.70   
 209.59  115.00   84.08   
  45.26   93.91  262.97   
   8.55   83.42  187.39   
   0.30   83.43  201.64   
  84.90   75.59  193.46   
 280.51  140.99  293.01   
 140.52   58.43  216.89   
 208.85  113.23  123.39   
   0.61  117.94   19.50   
 146.63  105.32   52.51   
 114.45   35.83  188.70   
 113.36   74.37  340.70   
 180.27   94.27  284.21   
 138.27   51.14  338.53   
 123.68   17.00   68.32   
 354.77   75.41  256.17   
 233.50   96.76  240.83   
 269.88  145.93  271.06   
 144.35  107.66   90.74   
 135.10  158.80  161.98   
 104.44   84.72  217.45   
 329.33   56.11  335.36   
 228.48   34.88  110.71   
 175.76    6.14   16.18   
 307.23  121.34  129.57   
 312.01  153.43  292.93   
 110.87  114.73  238.79   
 213.46  130.33  138.96   
 165.53   90.97  259.51   
 150.40  112.27  354.02   
  88.94  107.19   96.35   
  65.55  126.09   48.42   
 331.10  167.19  357.86   
  94.21   43.52  200.85   
 254.03  137.39  208.58   
 189.77   70.52  108.42   
 150.82  144.57   34.64   
 295.79  124.99  213.04   
  36.86   93.22   99.14   
 224.93   76.76  310.04   
 182.37  115.69  224.04   
  88.64  126.15   80.58   
 202.76   46.61  149.46   
 219.74   79.64   34.37   
  41.71  100.75  350.38   
 275.47  103.27   30.66   
  33.80   89.73   27.63   
 219.06  101.68   58.17   
 358.17   92.28  171.23   
 106.33   34.09  170.48   
 144.00  160.72  281.45   
 169.64   89.41  244.13   
   1.67   68.62   47.20   
  63.17  107.06   76.82   
   3.75  119.42  100.10   
 238.77  116.28  183.15   
 138.81  127.54  255.91   
  44.58   61.66  154.94   
 343.54   51.15  236.27   
  74.64   76.48  256.44   
 299.87   35.34  119.80   
  86.73   73.96  259.43   
 229.59   32.13  321.13   
 115.46   46.45  280.81   
  61.76   35.34  173.69   
 140.77   93.14    0.76   
 336.14   76.65  338.06   
 246.46  109.50  175.54   
 188.30  150.81  338.81   
 148.29  120.35   80.03   
  15.78   47.35   82.99   
 356.29   73.28   37.20   
 135.91  113.02   57.71   
 304.25   57.29  210.66   
 118.77   48.36  238.67   
 325.60   96.17  346.68   
 330.64   45.95   83.72   
 207.71   84.97  134.56   
 142.61  115.01  300.80   
   4.06   48.62  313.84   
  23.97  159.89  192.53   
  63.90   91.10  185.83   
 116.64   80.65  276.11   
 231.13   96.82  132.99   
  99.44   72.41  112.58   
  83.58  123.99  183.35   
 132.12  119.65   90.65   
 300.15  128.62  246.78   
 253.13  115.09   64.24   
 296.35  111.24   53.09   
 108.99   98.73  254.13   
  57.96  116.28  354.34   
 131.84   96.31  160.27   
 223.57  121.62  251.61   
 307.23  145.44  139.52   
 287.30   11.23  183.94   
 194.90  105.79  318.15   
 197.15  136.93  230.52   
 316.54   85.12  229.01   
 156.04  121.70  236.81   
 322.44   91.42  249.23   
  40.52   35.97  329.01   
 273.32  106.39  102.33   
 204.37   69.59   90.24   
 218.99  120.73   50.46   
 327.92  136.33  175.40   
 156.16   86.24  257.28   
 207.40   35.20   20.77   
  46.61   88.84  135.16   
 263.46   89.90  103.56   
  25.05   41.84  223.63   
 226.32   89.59   87.60   
 146.30  100.56   41.90   
 113.57  113.43  317.44   
 352.73   72.61  212.52   
  30.96  124.19  193.40   
  33.20    4.38  138.48   
 101.69  157.68  283.40   
 167.57   26.37  317.78   
 158.24   70.66  131.73   
 186.09   93.95  163.73   
 212.34   70.34   87.19   
 190.09  114.08  255.91   
 219.32   80.54  151.29   
  84.93   96.39  135.38   
 151.69   58.88  269.69   
  40.33   93.75  205.75   
 103.02   90.59  157.87   
 246.86  114.12  132.15   
 190.14   75.15  216.26   
  96.02  131.69  343.69   
 232.09  116.19  136.58   
 322.27   78.21  321.09   
 319.27  104.48  133.64   
 348.56  119.33  171.78   
 215.62   17.63  249.53   
  11.07   12.99  343.14   
  60.99   32.64  197.74   
 317.62  117.72  275.87   
 195.81  112.06  281.77   
 205.54  105.98  166.45   
  31.70  122.71  278.46   
 210.82  113.77  323.68   
 244.00   86.33  208.18   
 171.16  166.32   45.81   
 193.79  133.37  285.93   
 265.28  145.56  142.07   
  62.00   69.16   71.98   
 216.78  120.50  144.12   
 180.77  148.34   49.74   
  87.20   30.44   16.12   
 342.73   72.36  137.61   
 262.77   60.51  177.43   
 228.77  149.97   25.05   
  56.98   36.75   41.72   
 112.99  117.74  121.52   
  97.75   72.20  178.52   
 225.78   42.27   41.70   
 138.76  134.79  286.29   
 187.94   72.98  165.05   
  62.92   55.93  120.82   
 136.61  101.41  248.33   
  20.44   67.60   97.57   
 321.96   90.16   29.30   
 164.58  135.74    5.75   
  53.71   55.37  133.26   
 320.48   64.33  193.45   
 162.01  146.42  129.12   
 351.41  117.79  141.47   
 270.07   86.82  242.48   
 108.70   56.83   98.74   
  90.05   87.77  325.27   
 181.51   99.52  304.82   
   6.79   89.61  119.47   
 245.60   96.46   42.36   
 160.95   89.40  135.76   
 225.60   88.30  285.30   
  24.99  110.01  134.07   
 265.14   42.85  217.67   
  30.47   99.87  103.41   
 204.45   87.93  233.29   
 262.05   89.17  197.51   
 204.62   52.21   78.00   
 320.71  100.52  259.21   
 290.80   91.57   76.00   
 184.84   97.95   73.64   
 105.05   89.81  177.25   
  93.19  153.15   34.37   
 265.15    6.33   65.15   
 117.43   90.16  138.81   
 144.41  141.13  212.15   
 230.00  140.57  241.23   
  91.78   58.43  220.37   
  64.54   85.31  346.83   
 198.67   41.50  295.64   
 165.21   60.04  117.81   
  50.28    8.57   65.53   
 268.61   74.23  106.72   
  88.49   27.83  303.38   
  26.92  149.11  243.89   
  61.20   88.43   23.72   
 337.88  115.69   88.43   
 185.33   50.92  298.95   
 197.44   77.57  222.78   
 231.14  111.45  168.05   
  53.14  105.56  264.90   
 100.60  122.14  284.58   
  72.92   88.74   75.86   
  33.81   66.18  317.05   
 121.55  154.70   95.11   
 300.52  154.85  182.26   
  27.29   11.35  199.89   
  56.05   60.48   19.88   
 199.23  120.45   70.70   
 250.95  105.01  325.77   
 198.41  105.12  294.10   
 193.73   78.29   11.87   
 262.25  146.19  285.98   
 159.12   54.33  161.16   
 120.14   65.07  123.97   
 166.22   96.99   79.96   
 152.93  148.40  287.77   
 309.63   88.05  348.42   
  69.34  125.86  176.37   
 247.45   73.40  273.55   
 245.30  123.96  354.45   
  96.23   77.47  201.47   
  21.21  148.00  183.81   
 280.48   75.16   30.25   
 308.44   55.15  148.92   
 270.54  121.23  342.46   
  90.44   62.73  300.78   
 138.54   56.84   33.81   
  69.09   52.31  260.31   
 262.74  102.23  238.35   
 163.41  133.31   13.64   
 124.63   71.03  142.86   
 240.82   78.99  312.11   
  51.41   18.67  346.74   
 270.75   18.17    2.88   
 242.74  111.79   99.10   
  49.50   92.52  209.23   
 219.68   40.66  297.98   
 108.89   73.97   84.08   
 230.32   76.74  245.86   
 314.39   55.17  336.88   
 129.50   51.27  175.64   
  19.72   22.22  108.24   
  43.18   50.57  311.14   
  34.14   48.00  203.22   
  91.27   12.42  222.09   
 275.66   38.18  178.59   
 123.59  125.41  160.37   
 127.07  134.50   53.55   
 294.47  123.10  149.65   
 117.45  161.99   66.45   
   2.23  146.30  167.85   
  40.44   98.66  157.00   
 191.68   90.26  249.52   
 253.51   39.26  282.97   
 171.32   65.93  318.68   
  53.68   37.12  115.72   
 330.49   81.59  206.15   
 169.70   85.11   10.95   
 183.54  101.37   90.32   
 252.06  101.09  151.97   
 137.61   30.67  292.64   
 195.35  132.17  333.66   
  51.11   52.96   13.81   
 196.31  117.91  267.05   
 155.23  107.80  138.83   
 254.86   23.88  216.92   
  44.18   56.82  195.79   
 322.25  157.34  255.94   
 300.12  136.53  211.70   
 300.94   93.91   33.90   
 196.39   96.75  198.68   
 235.19   73.30   75.91   
  88.14   63.97   27.89   
 125.16  148.35  271.94   
 265.02   65.89   10.02   
 132.80   72.63  164.55   
 214.71  117.67  100.31   
 357.36  156.41  216.06   
  31.09  151.21   60.25   
 308.58  131.59  235.47   
 129.01  165.62  228.78   
 351.88   20.71   42.77   
 131.15  104.01   45.12   
  54.57   20.19   83.32   
 276.09   94.68  331.79   
 250.45   91.79  128.13   
 204.99   51.70  117.11   
 224.15   29.32   89.93   
 260.35   15.61   27.33   
 346.88   63.73  155.53   
 142.42   85.45  322.77   
  12.36   95.66   10.07   
 174.88   81.36  258.83   
 101.12   82.98   25.37   
 211.47   86.79  131.37   
 215.19   73.72  128.02   
 331.18   69.61  131.75   
  86.82   48.70  339.55   
 270.52   93.33  302.01   
 166.98   15.65  344.52   
 353.66   39.80  148.06   
 250.53   93.26   34.59   
 202.75  142.02  153.35   
  50.68  136.47  123.83   
 162.52   84.01  352.60   
 146.69  111.43  213.66   
  61.21  102.64   28.88   
   6.35   28.04  312.72   
 332.63   24.26   53.78   
  74.26   68.49  133.33   
 342.50   71.22    0.70   
  87.42   91.00  110.42   
 146.68   84.39  313.04   
  95.31   99.16  154.73   
 313.13   72.73   13.98   
 332.13  137.26  290.06   
 175.64  115.92  163.92   
 349.68   71.41  162.83   
 220.95  115.04  200.29   
 292.33   56.36  166.74   
  50.24  110.75  183.55   
 165.84  114.69  249.32   
 214.64   40.35  116.47   
 197.61  104.35   55.72   
 113.06   39.21   31.59   
 233.03   74.36   27.36   
  11.30   67.23  359.99   
 231.19  145.51  287.21   
  86.38   57.37  325.40   
 158.49   37.69  170.29   
 310.48   24.72  195.99   
 164.53  150.83  283.28   
 247.27  172.01  266.00   
 142.51  141.31  175.88   
 201.36  127.05  150.57   
  56.91   16.17  218.34   
 179.32   74.73  289.29   
  35.13  121.18    8.74   
 259.07  103.34  321.80   
 169.92  159.16  168.06   
 189.13   67.86  178.08   
  58.71   79.85  131.29   
 179.70  149.80  359.55   
  26.32   99.28   53.43   
 352.93   42.20  213.25   
 100.36  128.39  264.24   
  64.83  142.61   19.80   
 277.36  111.43   76.29   
 280.21   69.19   71.52   
 219.94   44.80  168.58   
 160.27   96.12  328.89   
 259.71   24.45  123.76   
 298.07   36.40   18.28   
 157.64   86.20   22.84   
  56.73   22.24  194.42   
 171.77   97.42   36.10   
 287.29  110.00  356.17   
  72.97   41.28  308.79   
 312.89   68.76   46.80   
 233.97  124.41  287.31   
 359.50   57.47  281.57   
  73.83  127.52  130.15   
 111.80   81.93  199.48   
 261.03  107.78   35.65   
 301.04  110.49  255.91   
  95.97  122.68   99.15   
 152.61  127.08  170.59   
 272.28  130.01  357.92   
 122.81  121.22   76.52   
 319.48   50.99   49.01   
  75.50   71.70  136.88   
 201.32  135.58  299.39   
  11.34   64.86  217.10   
 256.28   89.94   42.22   
 100.94   94.44   53.46   
 343.12    8.09  279.47   
 144.42   48.76  296.95   
 246.51  153.75  103.37   
 234.86   58.89  251.07   
 216.92   36.15  264.92   
  72.07   93.28  130.22   
 332.40   43.97  183.64   
 282.77  100.41  122.25   
 265.09   68.12  181.52   
 181.46   61.91  213.74   
 322.13   89.21  358.91   
 268.56   40.67  292.92   
  49.65  108.97  260.83   
 325.15  120.29   76.85   
 255.44  139.23  303.79   
 255.81  115.38   91.69   
   7.32  115.51  226.83   
 344.99   36.17   52.72   
 157.83   84.17  267.12   
  72.65  112.19  285.81   
 208.86  145.14  249.19   
 283.64  141.54   60.98   
  81.74   26.94  135.99   
 329.06   72.69  301.32   
 136.72   84.78  262.14   
  88.14  171.73  156.10   
 291.32  105.38   30.87   
 261.59   51.90  166.16   
  69.53  138.51  198.13   
 332.54   68.69   15.26   
  59.75   64.60  185.87   
 219.60  117.62  125.22   
  55.12   60.75  146.22   
  39.70   59.17  206.69   
 252.74   54.89  129.54   
 187.29   15.20  300.47   
  26.10   68.51   18.16   
  56.33   98.65  195.42   
 106.17   68.78  144.36   
 171.36   60.09  304.11   
 106.90   37.25  280.39   
 233.96   86.51   58.70   
 308.95  112.33   61.24   
 350.30   37.57    5.71   
  37.78   78.49  128.55   
 120.78  121.10   16.92   
 249.25   16.36  229.03   
  40.88  126.47  168.34   
 351.74  139.56  249.32   
 131.14  163.95  124.60   
 102.69  158.38  254.25   
 199.13  115.63   15.92   
  98.34  119.00  163.29   
  15.98   81.89   92.20   
 301.18  129.34  233.98   
 358.46  118.54  111.08   
  96.78   86.90  208.15   
 208.85   46.23  186.90   
 231.37   78.30  164.32   
 277.30   67.38   49.55   
 147.35   90.13  324.39   
 285.19   46.51  252.19   
 298.98   49.10  114.00   
 197.63   75.96  272.93   
 251.48  110.97  253.06   
 355.53   20.44  341.97   
 327.24   45.12  190.51   
 241.58   20.82  186.43   
  22.34   31.53  172.13   
 329.55   96.21  242.03   
  57.89   92.43  259.53   
 177.20  125.87  346.53   
 195.18  145.21   35.46   
  59.09  102.63  110.44   
 131.50  174.68  302.65   
 186.66   45.33  226.53   
 280.34   64.62   51.97   
 232.91   63.94   77.67   
 206.40   97.27   14.85   
 284.79   81.27  193.99   
 173.54  139.02  165.18   
 128.11   72.45  266.31   
 251.39  133.49   85.97   
 158.45  145.57  347.79   
  11.81   52.49   60.32   
 175.71  137.19  105.05   
 341.95   27.56   71.01   
   1.03   23.33  200.01   
  22.88   33.23  244.56   
 230.85  128.36  206.77   
 105.40  122.34   41.34   
 340.35   57.71  309.09   
 184.89   22.10  347.86   
 158.59   78.49   30.92   
 359.89  140.62  160.06   
 309.43  128.24  292.12   
 101.32   44.97   59.41   
 230.64   64.46  185.51   
 165.64  167.53  171.83   
 293.36   18.43  100.76   
  24.13   67.11  319.19   
 221.20   80.30   64.63   
  68.56  116.60  248.01   
 180.93  138.56  145.42   
  74.73  124.47   14.98   
  98.11   82.25   95.68   
 185.35   79.35   25.64   
 287.20  112.37  350.92   
 298.25   86.48  212.28   
 179.79  107.19   18.00   
   9.52   97.48  128.62   
 198.78  156.59  348.48   
 334.11    7.62   89.22   
 127.54   34.18   88.78   
 340.50   81.37  328.43   
 141.57   67.87   50.36   
 133.26   43.25   66.45   
 164.97   69.03  199.42   
 318.53   44.06  135.75   
 229.34  104.69   76.94   
 215.09  113.79  288.36   
 119.96   80.41  297.76   
 179.21   62.77   24.14   
 161.90   98.71   27.69   
 349.56   88.74  314.34   
  12.01   32.68  132.53   
 271.99   55.24  309.43   
 156.02   91.32   59.41   
 104.80   69.41  180.82   
 113.11  104.27  132.75   
  22.82  135.54   22.34   
 282.78   34.69  293.75   
 308.81   99.89  199.10   
   6.42  126.09  347.49   
 353.68   15.99   17.93   
  38.64   57.62  308.33   
 179.99   39.78  268.85   
 240.55  114.45  231.79   
  78.03   56.15  135.94   
 265.46   36.60   45.61   
  53.33   72.58  317.69   
  76.18   58.71  354.19   
 345.25   25.26  334.69   
  41.78   67.65  133.71   
  83.88  139.72  129.81   
 149.81   89.56  250.75   
 256.83   55.12   37.82   
 287.52  103.19   95.74   
 328.57  109.01  295.65   
 349.57  107.00    7.76   
 235.33   26.15  138.41   
  20.93   92.11  347.48   
 280.76   67.94  249.31   
 188.15   49.98  149.57   
  22.45   94.26  145.09   
 201.71  112.02  314.98   
 218.03   89.07   81.31   
  87.98  156.09  149.30   
  27.72   98.40  164.67   
 151.11   79.78   14.43   
 269.47   39.06   57.89   
  34.22  150.79  287.09   
  51.12   10.60  151.16   
 332.42   61.77   17.93   
 163.42   78.42  336.03   
 280.84   53.16  208.67   
 122.60   98.62   53.66   
  99.82   50.85  170.82   
 168.92   81.62  169.96   
 169.01  103.31  341.31   
 138.67   26.81  327.43   
 244.59   82.12  222.19   
 345.22   32.61  273.60   
 329.58  130.78  308.58   
 322.81   87.32  348.93   
  39.53  135.99   44.86   
 246.40  119.48   47.73   
 289.38  116.00  144.82   
 194.98  104.56  297.27   
   3.52   73.48   22.39   
 136.59   51.30   15.67   
  18.84  108.99  169.87   
  87.43   50.06   88.16   
  74.03   46.85  251.84   
 323.23   80.71   72.75   
 303.05   93.80  286.78   
 209.58   32.22  247.63   
 350.96  105.41  218.01   
 347.99  116.15  151.17   
 235.31   98.07  225.01   
  38.89   81.84  349.88   
 224.86   56.18   94.05   
 232.67   44.05  285.51   
   1.45   65.89  165.14   
  89.66   41.52  236.18   
 298.68   80.61   95.07   
 315.13   84.89  198.71   
 327.77   64.32  235.00   
 291.74  110.23  105.58   
  16.51   82.83   22.00   
 157.14  107.59  150.51   
  30.94  149.08  336.33   
 184.54  120.44  189.28   
 127.83  119.54  189.02   
   3.58   89.35  101.29   
 357.59  136.71  167.58   
 167.67  107.78   76.77   
 211.79   85.57   56.58   
  14.60  154.60   41.53   
 255.94   97.03  241.13   
 242.96  154.99   33.99   
  88.87  114.59  357.83   
  75.13   75.33  103.98   
 305.58   66.12  337.18   
  91.63    9.74  192.60   
  78.40  124.42  356.18   
 132.22   26.46  222.12   
 303.69   85.52   34.99   
 140.76   95.60  167.27   
  85.88   42.04  232.34   
 175.45   17.29  317.72   
 291.48   85.44  352.19   
 292.83   50.07   13.48   
  64.53  118.41  311.44   
 293.14  155.61  100.68   
 280.13   22.37  277.07   
 267.35   91.27   85.89   
 137.63   86.77  234.39   
 302.34  136.65  103.74   
 258.19   75.79  185.63   
 234.10  109.67   33.21   
 105.81   36.19  104.22   
 193.02   74.50  344.91   
  79.56   49.85  219.95   
 152.03  165.01  245.68   
 270.76   95.81   35.32   
 286.63   74.79  243.43   
 322.50   70.76  353.31   
 252.78   48.03  271.35   
  13.50   52.83    3.02   
 217.68   23.97  307.08   
 103.43  145.19  118.44   
 267.52  163.87  327.39   
 347.67  118.15  262.94   
 106.44   10.22  152.82   
  24.58   57.61  125.78   
 160.33   59.58  353.32   
  34.16    7.78   67.79   
 346.85  133.19   43.41   
 173.61  125.71  142.22   
 164.53  104.25  266.36   
  91.64   97.31   64.75   
  20.09  137.63   82.33   
 322.36   38.67  309.74   
  70.44  143.51  257.61   
 272.41   51.17  301.32   
 326.39   67.46   20.33   
 228.00   55.77   77.71   
   8.36  137.74  344.00   
 227.52   41.34   27.51   
 268.40   41.75   14.70   
 137.75   91.39  296.43   
  79.66  148.03   27.62   
 284.30  112.85   94.29   
 202.59   57.13  353.55   
 308.35   34.04  218.79   
  28.94  122.12   85.92   
 323.00   54.36   32.45   
 221.88   54.06   39.11   
 204.72   22.44  336.59   
 258.87   75.58  164.72   
 358.66  109.67  241.79   
 190.38  118.75  177.96   
 294.26   84.55   81.24   
 322.35  126.44   95.51   
  17.99  152.02  173.23   
 115.63  111.71  222.66   
  10.62   63.12  347.20   
  80.75   43.38  334.87   
  92.91  110.46  166.13   
 126.47   86.52  306.69   
 315.07   19.70   51.90   
 320.20   67.02  212.80   
 219.11  148.71  235.73   
 333.73   66.68  163.72   
 275.45  160.12  326.94   
 318.62  174.37   51.08   
  28.49  118.36  305.47   
  22.22   41.96  116.17   
 235.86   31.99   76.28   
 118.23   65.15  295.55   
  14.58  138.05   79.47   
 157.34   98.48  228.70   
 229.31   71.54  262.40   
 323.11   13.17  234.99   
  72.25  114.28  356.49   
 120.94  121.65  211.86   
 103.53   75.90  355.15   
 233.97   46.65   21.53   
 124.37   11.91  233.74   
 339.32   67.96  286.89   
 130.02   69.85  220.33   
   7.08  106.89  275.97   
  93.60   36.95  143.15   
 193.76  120.58   54.72   
 234.09   47.71  305.55   
 171.62   59.72    8.57   
 325.16  156.60   40.92   
  69.65   55.34  339.38   
 254.25   64.34  326.61   
 344.25   38.62   48.19   
  19.12  117.67  265.19   
 265.28   57.46  247.71   
 167.73   53.83   19.06   
 223.19   70.60   98.08   
 271.54   53.87  270.03   
 142.25   82.87  356.63   
 329.26   95.50  349.01   
 133.85   96.37   92.31   
 125.12  104.02  349.64   
 246.55  141.41  314.56   
 119.63  134.01  343.58   
  27.39   13.80  260.18   
 105.27   94.54  160.61   
 213.78  130.69   89.87   
  22.10  134.31  166.51   
 286.18   72.91  194.92   
 236.03   62.36  292.63   
 131.21   89.01  259.36   
  39.47  139.68  231.89   
 274.56   56.33  266.70   
  77.65   62.36  289.55   
 349.28   87.93  239.72   
 353.62   79.63  221.57   
 111.80   57.44  166.55   
 281.98   81.67  351.22   
  19.56  104.22  320.49   
 275.03   64.36   58.25   
  41.96   49.93  246.63   
 271.93   18.67  245.97   
 341.39   51.65   22.63   
 123.04  145.56   86.89   
  12.25   64.47   37.84   
  88.84   44.94   66.22   
 293.12   54.12  238.05   
 148.73   74.58  229.34   
 153.47   60.50  113.34   
 344.32    7.02  109.76   
 168.28   98.70  240.31   
 187.32   96.65   10.51   
  55.86   83.24  250.79   
 202.76   55.00  197.98   
 327.37   72.40   73.87   
 135.09   23.43  112.43   
 339.65  115.99  322.70   
  26.78  141.73  323.09   
   5.96  121.36   36.73   
  23.51  107.60  265.72   
 226.77    8.63  329.60   
 329.33  137.83   67.08   
 223.58   70.80  292.96   
 217.77  112.17  301.66   
 107.09   95.91  345.47   
 322.18   99.87  119.99   
 161.45   63.60  143.90   
 135.37  108.94  266.19   
 157.84   76.00  306.55   
 116.77   69.54   97.17   
 209.29  101.63   23.51   
 296.55   73.97  125.91   
 335.83   32.83   64.48   
 332.73  111.80  325.80   
  99.89   35.72   68.27   
 186.40  107.91  211.79   
  25.57  163.09  312.05   
 181.52   50.46  250.96   
 171.11   37.42  257.29   
 125.17   95.89  105.48   
  77.00   20.83   60.81   
 152.34   48.69   56.17   
 222.36   39.53  149.94   
 150.37  110.20   93.93   
  37.95  155.61  298.47   
 152.68    2.96  138.92   
 300.46   90.30   94.53   
  83.03   28.52   69.39   
 342.67   79.02  340.21   
 276.01  142.53  328.37   
  17.49  142.17  141.69   
 222.18   70.97    5.72   
 215.43  121.22   28.89   
 301.55   53.66  334.71   
 119.78   79.10  271.29   
  93.78  132.48  322.06   
 127.49   76.47   64.24   
 189.80   92.30   97.56   
 259.17   70.01  251.86   
 260.59   94.47  216.76   
 204.36  100.05  218.80   
  57.75   99.10  255.81   
 112.98   75.49   27.24   
 234.19   97.10   60.52   
 114.93   36.93  322.19   
   1.76   20.32  246.15   
  24.54  136.91   51.04   
  51.87   63.57   84.85   
 244.56   56.65  228.23   
 200.14   46.41  167.59   
 326.69   78.88  102.72   
 124.60  124.93  149.21   
 271.80   80.45   14.59   
 226.85   71.86  356.84   
  27.81   53.44  107.84   
 195.50   48.20  170.07   
 200.65   96.78  185.99   
 314.75  111.45   74.80   
 150.64   49.95   33.89   
  95.65  109.49   48.13   
 226.51   19.51  321.58   
 119.29   83.02   50.28   
 170.67  108.82  209.04   
 346.98   73.29  185.04   
  62.12   62.64  259.76   
 282.23   85.08  292.74   
 287.16  161.17  235.47   
 313.82  122.17  254.59   
  55.75   96.05  184.93   
  24.33   78.77  130.31   
 176.74  146.83  156.37   
 207.76  101.25   91.94   
 328.34   51.47  136.65   
 187.71  110.29  211.44   
  51.38   87.52  256.28   
 326.68   16.02   33.23   
 332.16   53.34    8.94   
 230.14  117.55  291.46   
 325.37   39.61   76.71   
  30.94   25.73  195.73   
 130.96  156.15  188.81   
  49.46   37.46  233.00   
 326.02   34.92  219.03   
 350.46   91.80  229.56   
 292.21   50.57  120.83   
 252.40   79.92  210.78   
 266.30  160.57  333.42   
 289.78  103.44  281.89   
 298.54   64.29  315.60   
 109.43  144.62  316.63   
 128.68   70.17    0.89   
 245.60  144.05    0.82   
  14.34   63.56  126.05   
 254.24   32.34  185.67   
 358.15  129.74  203.54   
 259.87   43.49  292.66   
 222.24  100.34  234.25   
 109.01  111.47  282.59   
 287.86  119.24  277.37   
 220.09   80.97  104.04   
 278.13   98.25  326.44   
 207.45  100.81  146.91   
  89.28   72.70  101.49   
 229.05   59.46  242.95   
 296.92  135.59  168.74   
 133.98   33.38  296.41   
 354.44  137.50   48.70   
  72.64   71.13  145.22   
 118.15   23.21    2.47   
 314.62   69.84  289.37   
  65.58  130.89  173.96   
 306.89   68.82  209.98   
 176.90  157.87  336.89   
  85.24  161.64  176.75   
  96.05   19.20   59.79   
  79.32   13.46  326.05   
 307.24   80.00  246.40   
 152.27  123.26  326.15   
  23.27  123.89  139.40   
 304.55  141.26  110.64   
  65.51   81.10    1.40   
  15.43  108.10  109.96   
 202.94  150.75   61.17   
  27.88  117.21  134.67   
 327.39   80.01  122.00   
   1.30   12.30  119.31   
 167.38  125.09   61.86   
 225.53  145.46  326.98   
 118.07  171.72   50.34   
 176.81   56.70   92.12   
 295.81   83.44  164.55   
 125.89   96.51  212.18   
  36.21   55.24  242.77   
 125.05  121.85  218.65   
  78.96   73.32   45.23   
 163.12   89.29  216.20   
 293.68   46.31   32.42   
 346.12  117.45   56.69   
 272.29  125.46  344.29   
  20.24  100.86  239.07   
 158.37  153.02   86.78   
  20.42    7.88   89.08   
 356.75   89.75  249.51   
 144.38   16.75   98.73   
 221.17   96.21  254.68   
 206.29  108.27   46.28   
 233.66   95.03  225.71   
 245.79   54.08   45.02   
  40.03   99.66  307.60   
  55.38   67.99  355.39   
 204.11   25.71  133.19   
 324.31   97.84  167.66   
 107.84  166.82  227.26   
 339.71  107.74   82.24   
 105.66   79.74  151.50   
 200.30   74.04   62.65   
 105.78  115.27  300.57   
 215.62   79.80  152.52   
 283.37  133.37  127.61   
 178.82  131.59  340.19   
 151.92   62.95  283.98   
 216.56   67.86  112.59   
 320.07   98.88  345.94   
 185.48   30.52  198.78   
  49.66  134.00  332.75   
  90.11  145.79  275.16   
 129.59  114.06   65.20   
 147.52  114.79  355.90