1001
102.781753	143.9281441	152.5947037
128.9865507	40.91778094	34.01134768
209.8572516	137.2537587	293.6695179
351.7880648	127.8841799	169.8292741
230.8045886	138.4105605	105.3795436
256.9171401	152.3231217	111.3400235
42.4034605	147.8678019	279.9139471
153.6798857	123.7800832	203.9953204
126.0948327	126.729097	56.40081944
152.6674693	108.4230954	36.06425546
30.25904708	90.24429048	224.3284467
295.7459169	137.3511615	329.7131469
74.45300069	136.1479502	47.0300947
36.65898565	42.5799315	297.3186861
328.1042814	63.53815469	72.71235491
27.49051501	50.02609101	357.4580551
113.8896857	40.32820737	213.083004
38.91300161	134.2079151	267.2303804
200.2046316	119.845582	91.63944271
96.18414394	58.22167931	67.83762999
196.1939271	140.1042237	255.3214527
217.074228	91.35697452	306.8853624
79.08937517	75.95758786	64.20908827
217.6821362	114.2758593	258.1828039
220.8970024	31.56080719	81.26661479
281.9267479	37.24970513	251.8911543
335.2376059	90.51931022	51.68881453
72.44134587	66.19667886	48.35878382
187.8906227	134.9080695	250.239317
43.73329554	39.09405628	278.082774
221.1651467	141.4942193	281.4265557
295.7344578	32.50733346	112.1530507
117.184193	32.44373515	206.1908947
36.62747297	54.14279277	268.0302295
173.8428435	121.9534937	261.8222318
128.1964419	57.25509951	224.5198146
51.57307706	144.511988	94.32088519
34.26975164	79.57237859	297.8446613
37.78656659	5.840731764	27.60453361
73.54371667	137.1110922	46.03372109
22.06689652	69.1393901	194.1713861
308.5778797	52.44741065	302.736002
297.931178	149.5076071	323.8626748
102.3944335	94.29796688	242.9163434
71.58649284	136.692833	45.60744049
64.7001131	99.00137742	148.2831963
310.2784185	65.48793007	147.8471754
318.3364969	149.3156662	334.815909
56.1704904	49.62043689	238.3670586
350.9521194	116.4227321	131.3660444
215.4974482	132.3469481	275.2168391
216.2210939	52.08587428	286.0205313
253.4054818	77.71255758	132.7205166
185.6824434	44.77894352	172.8098006
128.6983529	127.3587776	237.1478044
253.5005928	102.3451591	15.51741597
128.8788346	126.9926575	236.5610956
215.8056995	140.2291285	277.3115728
253.8798909	83.85982177	35.26727116
203.7667103	23.00482843	223.4495294
257.5153081	80.25706315	109.6715704
306.2224502	55.54252866	303.7512833
199.100542	77.45186179	238.1900146
48.42009031	122.356856	93.29700961
338.6283702	38.34004382	352.4710305
285.698529	54.91399396	251.9736603
140.3597629	127.4183652	237.315681
61.10709477	72.49864165	139.2602569
354.4803935	153.4942474	249.0326679
222.8599558	129.3245958	303.3851632
344.1047008	46.40442479	355.8658054
85.67208727	130.9288776	357.3841436
255.9843648	34.30871277	249.723655
336.7507875	88.01777649	58.98485909
254.4047202	131.7808658	337.1174805
77.69937956	106.0097972	141.4415072
304.6004067	141.1842492	324.5347543
309.3622589	38.21112832	4.704556456
39.25563038	55.0967675	176.2549958
183.3081063	51.96498019	98.88965065
333.0351562	60.73066149	346.4332012
276.8927407	88.43259793	291.4699329
339.3720694	139.5931454	19.37342193
35.62135908	144.9170692	88.82392811
225.1815808	29.30449939	21.48820915
197.2516072	109.1060611	229.9336928
61.11397026	143.8840263	118.0820179
267.8967304	125.1483064	153.2524592
64.70297789	124.5375334	41.1681635
74.4719083	135.8505851	46.99858202
146.2320073	133.299204	358.5334969
17.18529611	104.7641869	256.1476578
245.1823915	119.8639167	85.65604446
200.8933269	105.5153346	259.2851747
31.14426687	129.9135964	157.5817283
56.97091244	56.4054031	208.2827636
203.0820257	80.81111334	318.6395916
309.6647807	138.5778642	348.0735794
77.26278572	65.35557682	104.2376387
279.9231145	111.7204675	72.60463884
1.319521802	134.8668165	81.29411676
314.6953501	103.4922206	119.8404254
40.03141523	84.64420099	33.56615947
65.12524778	137.9206816	116.3465288
302.3813412	55.42908302	314.5853422
6.995241721	50.85802573	179.8686406
33.9649381	56.18424139	282.9248404
127.9214221	56.97721498	42.12500301
312.8532908	114.9296041	92.11155993
70.31280766	54.33129588	81.32047282
103.215482	82.22574614	58.49727201
210.8782624	132.75604	267.318043
108.4471596	22.94180307	51.54901283
256.755566	82.28590671	84.5055452
227.1594311	156.7320319	106.0516231
25.75445289	145.2545413	82.59301208
28.78941033	33.02184956	312.6246806
249.9522652	140.8427663	117.4517643
320.0668294	32.43399487	86.81399216
106.6979195	44.31713954	209.9953345
307.2400233	115.9918679	92.76473182
253.9950554	137.3127733	311.1493143
241.6833383	82.46123179	114.7433928
3.2377845	126.0570175	236.9593012
346.1415657	127.4871201	22.45536191
229.9388494	97.24411586	57.99077732
281.8528363	78.75190303	302.7743902
358.3323887	121.5633095	146.5150485
319.4130846	36.55585324	4.069146261
268.4834391	100.5615415	119.9143369
235.1745377	45.81943488	99.35890308
65.76696051	102.3818284	54.23790376
325.3363223	37.5081091	8.554259881
245.1732242	36.36104759	156.9824145
72.45165911	112.3369701	355.4143147
322.095673	43.0062121	356.2743243
87.88714211	93.42592512	220.4243122
194.2739455	74.18313757	43.40441777
103.6469192	145.4453363	183.9692996
250.4914185	79.08651038	134.657114
17.93014124	135.2163208	260.1686756
285.9552141	141.4374965	329.7870584
255.1501383	103.0602104	56.07194166
208.2976605	55.17297088	191.2819599
44.78925676	36.23671575	344.3556563
194.2796751	120.2053995	66.04427209
234.0194548	38.07762915	86.56418256
229.6815913	138.6311492	92.43814588
304.5247763	139.4321442	177.2353266
149.02002	98.22960327	224.9512518
200.2212474	37.73671926	354.527376
41.31082999	143.7407869	101.5063489
129.1338008	138.1991391	185.8938648
192.0434208	116.5132595	80.18945413
359.1637505	58.06010521	70.16727638
314.8517676	133.2155522	183.9177334
66.20011661	122.9974228	224.0333734
10.25078791	79.12547151	12.50766867
13.61806087	126.9170271	256.6638928
215.7082966	72.03798358	288.3135084
14.99315958	127.9867393	245.0254011
289.3413947	61.33914267	52.26979373
221.2298909	130.692819	83.61173104
246.3317449	43.21190395	100.3673088
271.2737436	86.85467216	126.6104947
239.3359302	137.3242325	104.8369526
151.6917222	103.7844291	214.1085985
217.5028004	38.85857062	187.873434
66.42929973	122.9258031	43.85418964
191.8635121	110.9057215	231.7671577
128.602096	127.1341781	237.559761
137.2268297	63.46596201	27.4567105
203.6584212	47.25068345	200.1914536
267.7191134	27.2584671	64.98601904
68.55841089	147.2948441	317.5698794
304.3076253	130.5449959	167.3644097
358.5879279	116.1992786	83.19175298
68.55038948	39.91567776	258.5466321
61.13001308	102.3571912	116.2577203
266.9135348	72.22190303	90.22996653
181.0191399	108.4248143	114.1097015
49.56314111	81.44537762	127.1112598
18.93740104	131.4009948	291.6166101
271.9584282	39.24646305	330.5192985
25.31270243	138.986956	256.6123266
84.71066409	51.23560491	272.2712631
243.5987362	138.6695374	122.7344352
71.679312	83.42437384	129.3177203
265.6255257	31.28578745	58.24574354
130.2946133	28.17061591	41.76461256
315.9094477	38.21571198	92.90567944
17.9049311	123.9256145	251.7095267
204.0801182	120.619075	307.9688256
212.920284	74.50915055	210.1402928
248.2637585	77.90679028	125.2777949
293.5176841	110.4496471	108.495861
317.2725143	117.7651723	3.861735539
66.36570141	71.0209835	137.5568534
17.47349388	133.3364463	268.7441349
196.9983598	117.8133007	80.16424399
105.2844326	140.4606035	178.6562619
306.3032373	104.1866455	104.3224365
248.3073033	37.41528994	156.3974245
359.1786474	63.84927077	345.8825888
143.9092364	152.6909606	191.9294022
117.2168516	49.02284191	26.69524959
57.6000201	96.55198285	225.2904428
155.3930295	45.3100754	167.2595584
72.50723602	46.39583042	89.83577157
15.13869086	73.74310598	257.9106489
346.2487088	40.76995783	180.284608
94.56095451	73.01373071	238.8477701
64.58838633	122.8541834	322.6216482
59.88382987	63.96042459	47.24438091
13.09265858	62.00148188	359.8432784
160.749612	68.12582776	162.0754363
207.9705016	50.91704038	194.6778808
28.35969199	74.39398604	303.0368049
350.2634241	129.1389574	175.1984616
186.5796953	47.30053078	236.4774437
232.8792688	143.7975097	291.8876192
187.5669016	106.2641904	248.7014983
251.1394337	89.08405094	123.7353925
13.21297971	98.90340164	120.4087995
296.4059643	118.2281222	342.3130617
34.07093529	142.2614098	91.69215483
206.6360829	106.7437561	321.2568628
45.59540838	57.55303756	274.3826126
347.2353422	44.50850744	97.48246631
189.5269902	119.1488653	242.9724933
233.3949308	64.75970071	138.2770613
130.1525198	100.8858356	206.1662575
69.92434228	136.0516932	45.72031318
97.06420712	143.9436139	245.9025995
286.8008998	38.69527765	116.125367
71.96750977	135.6322881	46.61183551
172.1285538	58.06010521	340.992967
34.28407559	138.0759531	190.5657627
2.545078526	109.0172526	196.2380448
70.35520654	135.3320583	46.68689298
144.6592382	126.8287916	330.2127661
133.0110062	46.94644286	194.131852
123.1876448	53.95543557	34.40554264
58.94589796	44.27302179	248.0030627
113.2233358	134.3362576	197.4916765
60.1359313	63.48945328	47.54117305
299.2323651	39.60971829	110.9120241
37.06463977	52.55799151	264.5288844
11.2975818	119.6754135	243.5786827
71.78416328	93.22997355	49.02226895
281.3835839	104.6392821	90.85449053
62.56699123	49.73732028	86.19519774
121.2745387	50.56524429	134.425639
161.7368182	39.74493633	2.01910327
48.48368862	95.07317878	225.5717651
184.6184607	112.7409053	248.407571
181.4213563	93.35487835	62.80476871
99.71757466	95.60545657	303.4063627
205.1853538	122.955024	256.2284449
160.3915133	131.4623013	182.9946984
137.9355785	121.6446695	353.7023168
125.4863515	124.828023	57.397766
238.5085791	32.6534377	162.2370104
66.00187321	122.5940606	43.85017893
228.8909096	102.6110115	313.9951957
156.8712606	55.88286559	353.0376858
201.0400041	137.2549046	79.15354644
28.07321309	57.72721673	169.1841237
65.48850303	89.41063689	137.9596427
192.3740175	25.40437568	169.3989828
123.1194628	96.55828538	207.7281405
275.9020967	79.19766419	90.99543815
255.0303901	82.28361487	50.44148541
140.5494119	127.4332621	237.3042218
126.2976597	39.01155035	200.4349607
11.94617003	121.9529208	251.5049808
352.8806953	123.8207632	138.9806535
121.7529585	52.49095544	224.3931909
16.61233831	101.6828199	166.4087161
63.7077502	122.2605991	317.8993301
240.7459793	138.0415757	300.210977
246.0011482	46.78143101	69.15715179
187.2798497	37.53160037	165.7687222
69.97476256	135.9542904	46.06007715
339.3290975	24.89157845	114.6929726
319.0263381	68.12869255	145.625245
11.17496884	130.963828	245.1170743
212.201222	123.8608702	259.0817747
134.0578001	162.8437727	339.5794801
37.65306742	51.92773793	15.52142667
5.861358244	61.84964807	132.1246405
233.6201032	137.0641097	94.11977701
192.2187459	131.2949976	89.76701664
245.9535927	75.88539518	44.51882068
303.5335593	48.42868468	21.28366322
333.865945	89.02159855	4.398596993
198.992253	113.1677589	246.1953809
140.1746975	133.0299138	195.8793733
45.42180217	158.4915853	112.9987364
8.703801866	83.43697892	289.3562916
25.69200049	117.8390838	327.0380069
196.7044325	28.85530048	65.3504202
74.02672009	136.991917	46.05320166
246.4291477	154.9186205	110.6857057
72.55880222	137.0079598	45.80912164
151.3863357	122.4680098	20.13029917
73.73966823	51.75871538	72.52728954
26.43627267	134.6192988	81.4442317
237.6628934	108.1967771	355.7918939
175.804078	53.83797922	83.40947694
335.1946341	47.00144681	80.79392461
38.48213735	122.031416	340.314012
33.78674822	145.5278422	82.60103349
217.1922573	141.3670227	277.2388072
209.0998014	119.3385144	78.03341395
74.56300858	135.0650599	46.92237863
355.3616026	107.5493348	127.4114897
316.4675086	39.6435228	8.675153976
265.838093	117.3520697	347.4593687
159.2650783	46.29842759	359.8507269
128.1208114	124.3089232	236.7444421
75.45911458	40.74302881	79.96428172
310.6021396	122.6851608	0.562644555
62.34869431	123.4208386	47.22088964
49.06524079	143.1116792	292.7728389
202.574958	88.82621994	329.3286922
182.2578746	71.2341238	321.3181693
26.59039831	143.4038877	77.19976036
63.5501868	127.0087004	43.23195747
44.31943137	124.9454793	87.85219169
50.14068257	48.25851621	261.1226503
260.2677973	135.9388206	320.887878
160.3433849	142.7369648	30.61256204
91.64402637	87.08843894	210.9275368
44.42313673	136.8200296	97.73399478
256.8346342	99.73648227	93.39040173
76.47095804	27.31289809	251.2368365
200.3112018	97.60507927	243.1180246
120.6861111	59.36816786	49.3012994
77.91309281	115.0333095	213.2061899
271.5797031	74.54753872	152.1924873
31.7384241	9.16274106	297.4768224
16.09610334	155.7465445	265.2192986
41.93535398	100.2108913	283.2405401
113.16604	72.85559436	48.61776075
130.1565305	147.1178001	174.4839833
246.95455	55.43309372	46.83700792
249.3357626	137.6926444	111.1990759
233.7891258	139.3828699	113.2605781
145.2069859	138.9846642	347.143096
96.39441945	160.4562576	333.2843928
218.1995171	56.73886454	286.3075832
342.7003812	48.30091509	103.5598296
121.3266779	35.62135908	46.53104846
285.6773296	34.96761424	28.59116693
258.8583211	76.09165998	133.5381274
258.3632856	114.7439658	136.7329401
69.64359296	96.68891976	114.6230717
311.7262828	63.39090454	67.43484066
220.3005534	52.36719656	289.3012877
94.3180204	89.90853721	223.6747018
93.82012008	91.30712719	238.2261109
71.11724041	135.6053591	46.41702986
197.0178404	110.5791356	255.8926916
15.41256469	122.1975738	250.5813728
67.97399394	87.55024293	134.7029506
131.4307886	165.6581414	201.4542526
166.4453854	151.9971087	17.09763356
56.6294296	65.11608046	49.37349208
114.1962181	31.33219703	46.96305864
272.7193161	87.52331391	51.81257341
18.70363426	131.2703604	271.1683194
286.6502119	24.10719923	54.37885138
60.91629982	36.75180481	108.3044931
238.0576613	82.48987968	116.9561558
129.5188285	56.01178109	223.4850528
152.8760259	85.38159767	46.47203381
40.10475383	126.7073246	163.1588995
147.7119573	144.7910185	3.866319202
180.5023319	111.849383	258.5013684
214.8253687	34.9464148	168.8432138
253.8953607	148.8383924	333.2058976
86.25134761	73.21999551	227.6006086
358.3335347	62.33666219	344.359667
229.7755564	143.5236358	294.3931636
197.3862523	46.58719832	4.423234178
290.7193582	133.2189899	145.9472473
260.9960267	132.5171166	299.2415325
29.23173375	141.7531963	269.9863074
205.4225583	134.4027207	262.5951519
126.6637798	55.45887682	221.9867681
23.07243745	120.4380204	291.2327284
173.6881449	70.1426392	109.3037315
359.1786474	63.84927077	345.8825888
91.10888379	31.88624721	247.510319
199.5102068	123.5360032	91.06018238
26.41736506	137.6261813	98.13105453
278.4322783	86.06456336	297.2453475
140.6869218	127.0052626	237.7677447
111.5399858	94.42057985	41.40594098
186.4662496	88.69787739	234.7098689
159.7452169	22.82262785	355.9809699
152.3930225	110.1184775	227.4613799
197.4933954	74.54639281	257.5720309
246.9333505	53.94512233	93.68776683
271.3041104	58.23886804	53.95543557
127.8595427	125.3093075	57.73409223
292.0245561	89.77618396	112.5266191
252.1770603	55.10879961	86.62949975
142.7701963	143.1030848	198.7871341
316.9006647	35.18820299	6.38217688
264.4406489	108.3022013	59.38535659
220.2398198	89.74868199	338.0662986
352.9746604	40.48290597	339.8229872
19.98247606	55.39069484	296.6632224
155.5122048	42.82286561	8.949027802
59.07080276	62.54407292	50.23006398
130.4258207	127.8520942	189.3900533
228.5792205	110.1946809	79.51221802
129.2753214	73.52251723	198.8375543
248.2734988	38.01460379	261.8548904
299.3738857	121.7277484	93.18642876
11.34742913	135.4277422	85.05959539
119.5528006	142.4401727	174.5263821
117.3767069	36.60054395	196.9840359
56.74172933	83.33327356	130.0310527
265.9228907	122.9808071	126.6993032
71.774423	135.9095997	46.26061238
103.9614731	63.1714617	45.72890754
178.3737937	73.74597077	90.57488713
242.2196268	71.10635421	145.5473228
191.4269182	91.58329285	234.4812588
177.337886	83.43812483	92.04108613
92.43929179	46.01825123	248.2786554
141.9096137	90.77943306	223.9789424
56.79444144	45.5123295	104.9349283
262.9996601	146.5786468	300.5209472
126.9302051	125.4319205	235.8254178
59.41744223	146.8152784	105.0838974
355.8348657	95.7108808	156.8111001
263.5325108	78.2648889	154.1858075
244.6833453	82.7557321	118.4630348
340.9826537	47.10171442	184.6396602
128.8478949	56.09371406	222.8960522
258.0882659	74.61915845	123.063313
56.89700089	138.6724022	108.3904368
205.5136586	60.21786427	214.7881264
13.77848906	143.7447976	86.04737463
298.9802637	137.2623531	162.8919012
290.586432	95.22673147	300.8418036
353.9521264	40.77053079	342.5720387
18.06765111	126.4913195	250.8867593
71.71254355	136.6275158	45.84235319
132.7869797	129.1280712	6.695011836
63.167451	73.31510651	175.9696628
209.4705051	129.2575597	188.0304244
138.7193847	162.0868955	8.315909439
128.4886503	126.863742	237.084779
81.93009991	96.24373155	77.00953837
76.3059462	43.78486175	68.64492752
190.5485739	71.46387987	82.7448459
59.62026929	152.780342	113.7183713
136.6200674	142.7283704	356.4026669
157.4344782	37.99569618	2.484917957
10.81228655	147.0003437	273.5426565
273.5386458	144.9279554	135.4752977
104.5241176	102.2678098	300.5530328
27.77756687	134.8479089	265.1476789
98.87647262	38.85054921	206.3822626
58.51789849	159.8133989	305.9073234
359.5270057	58.33512495	68.83973317
174.3086582	44.70961563	350.7389791
269.2202629	134.0142553	353.3046841
208.9708859	99.31134759	325.8749026
234.0148711	136.4997462	300.0591432
318.7753826	128.6737157	102.3337
70.15925497	43.39238566	240.7408227
268.525838	69.59259971	139.4860023
339.6883421	31.95271032	71.97896893
304.7843262	34.38205137	18.77124328
227.0110351	139.5862699	280.9252177
24.09287529	139.0196146	262.3906059
77.85235929	74.71656127	55.64852585
233.3765962	144.6374658	206.0969296
144.7595058	126.7565989	240.1753134
126.5480423	125.9109132	56.24726675
29.76057379	50.33778005	5.787446689
219.857657	21.775261	178.9307087
181.6849168	42.37022895	344.1069926
162.1573693	129.7932752	181.7943518
115.2269692	101.9847687	330.1972962
213.8553511	45.90251376	195.5344527
279.6555432	24.70594013	32.23689739
63.76275415	142.870464	105.0329041
146.2153916	124.9391768	200.3845404
6.23148898	73.68065358	221.6653388
208.9989608	36.73117833	307.5024379
268.5957389	91.6829875	47.7875449
153.6730102	72.71178195	142.5805473
107.5098007	36.56559353	52.22338415
68.6506571	146.6663094	310.6754782
220.0553274	123.3543755	81.58231453
56.55780987	52.62502757	354.9433434
258.8835313	99.26207322	57.28260148
77.2765367	40.16835214	235.2633462
274.7939963	16.83006227	50.38533555
120.0684626	142.3313107	166.8395804
41.25066942	148.9936639	189.6484572
64.97627876	51.42697282	274.0944148
73.62049301	136.7655987	46.07611997
123.1211817	56.12923744	224.7249334
215.5283879	134.03259	272.6614474
210.8937323	118.5741887	256.6535795
277.635867	55.10020524	39.0149881
60.18692455	53.31945241	47.10801696
280.2880886	75.86820644	42.59998503
37.5596753	55.46231457	357.7685983
34.1820891	60.99823279	282.3398505
97.38678235	26.52336225	225.3500304
120.1515415	117.4958821	199.6654784
306.9552632	56.12293491	303.3519317
82.04641035	80.60828628	227.7787985
31.24682632	87.22766769	272.2506366
255.765495	85.24351484	123.7388302
91.88982527	93.95476516	226.3028592
314.561278	151.151423	348.4076138
123.3520837	19.62265857	197.3409886
246.9654362	94.23895223	50.76004994
57.46365615	146.7677229	107.5642317
52.87082646	42.57706671	158.0842123
63.0276493	123.3371868	47.84713251
121.7117055	121.7031112	184.2557785
329.7584105	124.2367305	16.34476702
51.14393167	110.6593497	331.2251825
7.252499771	123.4552161	85.90012448
240.3981939	134.7556627	116.3035569
99.24488448	141.810492	159.7114124
17.71528207	39.69050534	326.9125292
72.84298928	84.26432997	141.1659145
233.2900795	28.00331224	87.27579614
30.60167584	149.8685705	276.942588
246.4956108	171.3716765	110.0021671
358.0665363	143.3729479	246.1025617
4.162538382	95.24220133	73.41422821
169.7536437	43.77111076	104.668503
323.9503374	142.0889495	10.49143019
45.15537679	143.1804341	290.4752782
7.618619802	62.90732816	79.86057636
203.6303463	110.8696252	1.073722908
187.3377184	30.24758792	139.7558654
17.12112483	133.1977905	87.95303226
25.98993854	130.4997322	253.1069708
52.38266642	50.00947523	260.8453388
287.7027354	116.1540149	350.2055554
242.759353	56.49707635	42.95292703
209.9592381	119.6948941	174.7378036
275.9158477	122.2107518	322.6617553
2.510701058	71.51888382	103.8508922
119.6330147	58.52133624	48.6658892
197.7242974	60.65273923	267.3426802
142.5473158	40.21189694	172.7381809
85.23090977	33.62861187	246.3787274
127.1800147	126.8150406	237.9568208
3.260129854	81.3410993	94.83425538
124.6618652	44.69128098	15.72368077
64.4760866	123.2592646	322.1942217
69.6728138	136.9798849	93.1818451
16.12074052	126.6637798	252.4039516
286.5356204	141.8236701	318.6246947
310.7791836	130.7592821	350.6140743
79.94766594	78.97134586	53.57327272
160.9696278	142.692847	19.01303147
17.49125557	122.6083845	251.0225503
287.1171725	149.9103964	298.2526073
185.6400445	153.1401595	243.6365514
167.8737692	28.65648412	353.5739742
69.53816872	86.85238033	125.5488039
55.38439231	152.4508913	112.5804772
41.89925764	60.72779671	289.649646
340.8869698	41.67752298	75.90086504
139.2751538	127.0900604	359.8054632
207.2302401	51.24133449	90.13199075
86.98473358	35.67235232	64.16210573
345.7049719	108.1526593	139.4189662
260.3056125	45.97184165	352.0235505
165.5578738	127.9661128	24.60968322
346.3644463	46.24285069	346.3340795
50.3710116	88.74314106	224.947814
195.5195558	109.2069017	247.2324345
13.99735894	132.7319758	247.7847658
54.02877417	134.6691461	350.5894371
111.5193593	17.82815475	59.77611381
209.9592381	119.6948941	174.7378036
229.7010719	139.9455144	92.24391318
90.41274007	140.8823004	135.7165129
229.8580623	95.70400531	50.23063694
26.75197241	147.404852	267.7208323
325.2664214	126.8837956	108.6081608
77.2765367	40.16835214	235.2633462
92.49716053	70.92358067	74.93600411
218.594285	71.04963139	171.3350072
340.3730266	125.2823785	8.03229533
61.42737817	54.47052463	46.27436337
286.5871866	32.96856449	51.69282523
37.9086066	54.30551278	269.3875665
261.0561872	73.10654987	57.47683418
35.58125204	65.84430982	274.784256
16.32299463	144.5028207	269.4889801
121.3805359	50.53602345	133.4968744
93.58807217	41.89696581	240.0601488
58.551703	38.11028774	249.0464189
15.45209878	33.29744226	335.1379113
318.68772	47.92218998	88.06762382
62.88555576	142.2849011	287.3469286
242.2580149	144.8311255	110.7372719
43.23768705	139.1851994	83.19404481
250.2358793	48.82689034	121.3369911
70.80898911	136.4808386	45.75010698
175.9616414	52.65081067	111.1371965
27.3902474	118.6068473	261.1570278
305.6088124	86.40146255	130.4796787
222.3889845	87.5926418	320.3515895
62.82768703	123.6775237	47.30454148
62.52401939	123.6975773	137.1580747
261.7127969	94.82165031	112.0562208
261.6451879	92.98875832	83.300042
138.743449	61.02859955	20.91639727
123.7760725	134.1792672	344.0835013
39.09348332	44.43344997	354.1698504
97.37646911	143.5465542	157.0150731
146.3626417	138.444938	192.4353239
30.49453273	102.2259839	333.0162486
197.4865199	111.5955627	102.7639913
21.20745983	127.5312379	254.0575078
311.2570304	40.93783446	91.07278745
292.0354423	33.98441866	43.66339469
123.0787828	55.6559743	224.9185932
314.4724695	125.4640061	28.14884352
332.9790063	11.40988153	84.24656828
342.3789519	47.02379216	357.7296371
42.36965599	146.7711606	291.9065268
246.9430908	141.1395585	118.7913397
7.96468631	128.4955258	63.26256199
5.342258482	100.3466823	168.1006605
205.6992969	87.42476517	236.0110561
235.4042938	135.3853433	112.379369
64.1489277	123.0558645	321.6103777
241.564736	132.8998524	96.69980596
207.1271077	124.149068	91.54433172
351.052387	97.76264267	57.13477837
62.25702106	123.5669429	47.01691667
50.92105108	45.35705794	27.30831443
25.69142753	116.9704798	259.5882694
212.7598558	54.06143276	198.0703639
46.01939715	147.8168086	283.2342376
266.6597145	140.2285556	132.1796445
2.628157406	127.4464401	316.9522309
62.55553207	66.66077467	124.9815757
240.9957889	83.36306736	64.29503194
194.9139394	121.7042571	264.1020309
252.8308051	90.83500997	57.20754401
16.83292706	126.0753521	255.8823783
212.6532857	82.12204078	326.9457607
290.3394872	107.1018547	96.9748257
129.973757	138.5102551	2.299279632
66.19324111	20.30619722	90.04833891
78.78685345	20.34974201	278.9599724
134.3523004	37.54305953	14.74334998
199.2592513	131.3224996	83.38312088
100.1707843	47.90729308	64.21825559
236.9959705	92.76415886	56.95888033
187.3325618	46.81981919	236.2098725
314.737176	117.6683424	100.1455741
127.8480835	53.44378426	221.8028487
234.233741	113.1689048	70.41880485
288.7409349	144.1286793	333.4087246
25.90972445	102.469491	224.3880343
133.5725049	127.719168	191.8583554
306.8022835	52.64107039	306.9014052
121.1788548	53.16589973	224.8028557
23.42079579	143.5179063	80.1980485
138.4357706	131.9877036	5.580035967
342.7147052	46.60266818	6.897838896
178.560578	96.23800197	82.24866445
75.57084135	85.00688327	127.7226058
154.2511246	114.1125663	220.3108666
164.7076044	116.3683011	248.2454239
338.114427	35.53083175	3.005163635
244.1407543	56.44436423	318.6527696
116.7630691	111.2557987	305.3882237
68.10405536	74.95892242	76.34891803
248.0769743	84.05176263	77.56416152
19.53213124	101.6438588	177.9784529
195.1053073	164.3941965	58.51560666
16.77276649	132.7634885	243.940792
106.039018	73.19822312	51.70944101
246.505924	32.85511885	244.741787
2.766240235	52.76425631	182.3564234
15.19999735	105.0861892	168.8288898
225.8026671	29.72275858	176.1753547
228.5660425	148.4258627	93.23226538
93.48035611	69.68771071	54.02648233
297.6550123	84.96677623	314.9102093
5.835575143	131.6748686	304.3952878
150.2427119	32.01745455	188.5839016
259.5596215	132.5732665	81.95129935
333.8298486	134.4250661	2.526743877
3.103712376	97.65148886	87.44424574
336.7123993	112.7896068	116.017078
33.5426682	56.90444934	293.043848
71.94229963	143.0985012	116.5132595
258.6692451	142.4905929	138.8534569
356.0921238	92.58195828	68.26391059
216.2153643	132.6953065	96.65396933
49.60611294	141.3853574	101.5624988
129.8895322	42.33527852	21.29053871
118.120979	36.87441778	40.40211892
42.0287461	130.8767384	335.9515113
91.2526962	143.5608781	341.7017158
70.74252601	136.1158645	45.93631827
208.5497619	136.4023434	287.3165619
45.32325343	146.0074079	291.9947623
269.0031119	152.6342377	130.4126426
296.6615035	84.35428435	130.8372043
281.7158994	83.12414396	54.16513812
139.9695786	128.6204306	57.87962351
113.0657724	33.45901636	33.79992625
210.6731435	46.07898476	184.4987126
135.4964971	24.50483194	20.58580062
161.6823873	33.72028512	355.9213823
85.2509633	89.49658056	230.9690275
218.0940929	127.0476615	288.1691231
268.6513158	142.9311975	323.2742472
14.70954547	133.4395787	259.9423573
336.4958212	74.13042545	141.0026216
108.713012	50.17047637	13.18261295
2.983391239	128.1374272	184.3136472
333.322781	45.37367371	3.986067381
117.1400753	150.0771271	187.9553669
3.508793537	120.7227804	160.2047291
71.96922865	137.0669745	225.5843701
257.2465909	107.4949038	94.48016746
99.07414306	143.2818477	151.652761
283.5316027	84.34683589	79.72822311
204.9458574	106.9305403	254.530198
65.14415539	148.9237631	306.5461714
36.7546696	140.5184722	90.03745272
237.2727092	55.75165826	149.684651
80.61802656	91.85487484	124.3203824
91.26702014	88.74371401	238.8076631
140.9046458	125.913778	197.1616528
34.89026493	56.58359297	276.9448799
276.3003023	43.7447547	111.2300156
150.6449283	42.11812752	187.9983388
301.9802707	145.6103481	171.0215993
336.0088071	48.41321482	100.7466069
93.20419045	144.2913993	172.6041087
182.5449265	102.0254487	247.9944684
43.85820034	151.4671227	96.05923914
112.8033577	47.16416682	30.12211016
25.4570878	126.8729094	255.819353
78.14972438	30.12382904	74.42377984
63.34678679	122.7355811	138.3555565
51.76100721	55.30876188	276.1467496
21.71510044	150.7394663	193.3858609
43.05491352	149.7471034	295.4405304
46.06523377	132.864902	344.8094389
40.47946823	143.9516353	86.44729917
46.47547155	52.16780725	98.70401232
65.75320953	123.2094172	43.87481612
258.1616045	92.18146079	48.11012014
137.4577317	122.8547563	194.7621056
63.24709213	123.2174386	47.67696405
212.6991223	157.6189706	96.73418343
308.031278	55.29386498	302.5125485
12.46297796	121.4859602	84.91062637
68.91650951	19.56593575	95.05541709
139.9627032	127.1966305	237.1346263
40.15001749	36.12842673	303.4298539
353.9750447	115.0757084	89.91483975
152.0102867	107.8558672	195.4508008
189.7682054	71.64436158	340.9075963
194.3300954	66.95241019	327.1778086
290.1887993	101.940078	295.0847236
217.4420669	45.48138978	182.2149028
155.7522741	43.41988763	170.7334015
99.78461073	88.37472919	53.24153015
249.7494381	146.7373561	129.2959479
340.341514	45.02646129	182.2303727
115.3071833	31.76592608	213.6204384
194.9380036	121.4521557	252.4079623
257.2465909	152.7236192	295.6897671
11.24945335	148.1548537	90.93413167
313.0830469	36.89160651	22.96414843
281.7038673	118.33813	80.32868288
112.5713098	97.41543024	320.5928047
191.7620985	84.15432208	265.5229662
102.4918363	79.0292146	55.68118445
351.05296	52.20218471	352.8314209
218.7472648	46.28238478	179.2893803
179.7059206	54.10153981	82.84625943
81.19270323	94.13123616	77.20548994
110.5693953	125.3247774	190.0873429
59.63516619	38.0633052	273.4693179
32.56291037	62.90847407	280.649052
322.2864679	67.85653759	63.31412819
138.4340518	32.53827319	24.2922646
79.92302876	70.38098964	100.8170807
190.7525469	39.35475207	158.6755047
8.340546624	63.24365438	79.2205825
171.7435261	36.63664029	96.41390002
45.46649287	135.3790408	276.7093942
238.9319949	143.0412054	309.5198223
161.4056486	42.35246726	2.890572076
241.6684414	134.9974509	281.6792301
208.6511755	136.7484099	267.8285484
16.31210843	119.5086828	69.93179073
308.2868172	53.87292964	302.831686
11.267788	122.5848932	231.1913351
272.4712254	86.55730707	54.05570318
115.2011861	152.7522671	170.7156398
187.085617	46.88456342	236.2259153
71.69191707	50.88266291	174.3189714
221.6888301	45.55759316	279.3495837
289.9006015	142.028789	157.0087705
80.51145641	87.97022099	136.2063918
65.38651654	122.7796989	44.9502579
182.1209377	99.14633574	86.56876622
82.28476079	88.19940411	45.69223825
210.1500331	118.6956557	265.4026451
137.0835902	143.9310088	356.0491519
311.0301391	118.0464945	357.1841813
291.4504524	136.7117406	332.9486395
324.9977042	41.11487842	7.537832753
29.717029	130.5873948	271.8839437
36.38625774	135.1280853	76.56263129
6.24180222	121.1009325	164.1948072
63.03624366	140.9126672	116.9578747
50.96173109	148.2299112	108.6883749
5.671136256	122.4422267	249.5271305
204.7837103	125.4628602	93.07011833
297.0717413	161.3770007	184.0598269
217.3383616	123.782375	87.16120458
138.0971526	30.71111078	25.72866979
167.4675421	50.07020876	350.1631565
248.5599777	133.8343466	115.0516441
320.8827213	125.8902867	180.3499252
307.7889168	53.83454147	303.6578911
145.4711194	100.0189505	214.6385844
278.7399566	140.5941026	164.0051582
175.2792487	77.61515476	101.0502745
116.7963006	44.46610856	199.1796102
177.8730286	67.18617697	85.99638139
204.5659864	55.20964018	200.2762514
6.225759402	132.5285758	252.1088783
138.6976123	71.69191707	142.4722583
30.96493108	118.4595971	262.0554256
301.9745411	124.3094962	101.7338131
217.2942438	134.2302604	279.3942744
0.32486707	21.38049308	305.6122502
188.7460487	73.50991216	45.07573566
161.6010272	120.9817573	25.77966303
320.6993748	52.2010388	121.7798875
76.40105719	90.0838623	49.55569266
19.95783888	87.64306209	86.45875833
14.66141702	132.416849	257.5794793
274.2909393	88.6543326	58.65999202
269.1681237	86.77732286	46.08586025
10.06916029	57.64528377	82.63025434
165.3527549	138.539476	265.7888186
29.56920589	129.701029	65.6626822
236.0517361	47.91703336	259.7773454
294.4985878	138.8929909	167.3031032
69.23278222	135.8391259	45.88532502
150.3716274	51.83491877	176.1375395
93.05579438	63.7444195	226.9949922
192.7407105	40.21304285	357.8682929
3.008601382	121.7649906	238.7583887
215.4688003	117.144086	77.53608658
138.0312624	92.15911543	230.3330443
157.9770692	40.58317359	162.8643992
336.3302364	46.58146874	352.369617
59.64032281	53.40883383	47.6884232
319.9212982	51.28316041	122.1511642
43.12080366	107.0823742	232.7778553
258.1375402	104.7034534	129.4007992
14.91122662	85.89554081	50.47700879
2.288393434	61.31679732	80.66672798
58.88631035	144.9961374	101.3505044
150.8471824	46.9349837	177.2066787
351.1274445	56.24096421	0.823913309
42.52492755	156.6288995	108.8528138
316.1982184	100.4395015	118.5896585
306.3215719	54.51005871	304.4818044
128.1276869	124.3713756	236.1812246
328.9310595	53.36872679	300.3238497
182.0378588	123.3847423	254.108501
151.6115081	48.62062554	180.3917511
281.7565794	142.3038087	163.0402972
180.2393443	137.7631182	261.6927433
319.4004795	113.0978581	38.8602895
76.63998059	139.4796997	325.4222659
99.26722984	83.5498516	227.7031681
38.42254974	123.511366	74.67015169
27.721417	151.4149836	93.64708683
359.2966767	136.3719767	68.83858725
221.8280588	135.3183073	100.3163156
273.0642367	169.8911536	147.8672289
58.25662974	53.68729132	48.29919621
97.06420712	143.9436139	245.9025995
62.5578239	135.5864515	199.3096716
70.83706404	137.9779774	130.6865164
343.6234162	77.41863024	68.50569877
278.8350676	71.03129674	19.3018022
215.0545518	146.4583257	273.3432672
196.3388854	79.79640509	233.0207894
24.84516887	128.4903692	252.3392073
27.19028513	143.8507948	96.43681833
88.03210043	83.10007973	268.6226679
256.199797	149.3139473	309.2688668
205.629969	88.93450896	335.2083851
116.8627637	28.32302269	206.9586581
211.2518309	117.9158602	73.89035613
156.7687012	38.33431424	111.3698173
62.5062577	137.1787012	279.8308683
147.8133709	134.2428655	8.617285239
157.245975	41.24837759	358.8812823
353.9383754	95.37111683	22.31899795
257.4562934	72.92434929	124.3948669
82.5059225	80.74522319	268.5069304
273.2951387	135.5818679	133.8120012
215.770749	67.33629191	288.4395591
313.2641015	135.9342369	177.9967875
235.4638814	129.2495383	110.5149643
200.7363365	104.2364928	346.8182289
275.61218	81.20358943	125.3368095
105.930156	68.99958839	2.125100462
14.12283669	125.126534	250.8185774
74.5899376	135.430607	46.85247778
307.8782983	54.36166264	303.021335
347.4020729	69.28205659	68.37277257
181.9421749	97.93567592	88.80444754
293.6460266	101.3252942	299.7623511
319.3844367	125.5808895	106.759226
321.185816	136.1617011	349.6578077
312.5490502	139.7839403	336.39097
204.1866883	89.44501436	235.6071209
27.40800909	62.11091682	287.1893652
108.8276036	144.2919723	327.7891546
214.1406841	132.18652	266.0346175
266.3589116	76.91385442	137.3906956
91.9219109	92.74926196	37.11162231
37.89886632	46.54995607	352.4217561
218.3593723	53.13667888	281.6471445
53.86376232	120.4042159	42.26480472
236.052882	34.84385535	263.5290731
313.5511534	66.14740449	350.2531109
64.77574353	140.7327584	125.0950213
179.2744834	120.4615116	198.1677667
251.5445149	26.75254537	270.6062478
196.683233	21.2785066	221.0975376
62.11779232	90.39898908	127.3278379
73.07732902	136.6853846	46.31045971
321.0173664	52.88285857	2.911198557
351.3984535	35.84252079	351.8906242
57.36969107	140.928137	114.945074
248.909482	131.6914844	115.6584064
158.9144281	42.6492594	5.996003326
126.2781792	58.97053515	183.081215
350.8593002	46.60725184	178.587507
77.41060883	108.4070526	146.6680282
215.2888915	51.80111426	194.4819292
163.6247142	41.86029651	4.016434144
107.8214897	47.61565756	200.1398874
52.10306302	83.88102121	150.146455
11.52103534	50.67868994	357.7485447
185.117507	48.61947962	56.33378338
188.8142307	88.61307964	238.6306191
350.5607892	136.5610527	170.7162128
343.8061898	66.17433351	19.5367149
308.8133654	54.47052463	302.8471559
9.175919089	64.93330692	4.055968232
149.5935507	121.3845466	8.685467216
301.4382526	141.5761523	340.747741
281.5170831	67.93961647	42.24074049
204.9899752	118.9798428	159.0129769
198.3356433	59.82653409	62.90732816
47.23177584	57.30208205	274.9022853
317.4959678	124.3897103	107.3854688
24.05162232	93.29471778	205.6334068
66.60519777	57.38917163	98.83178191
33.33583044	84.73472832	319.6479973
70.6136105	113.3448029	91.55636383
43.92065274	48.60802047	276.9168049
358.1839927	97.60565223	307.6622932
287.9725985	21.99699567	46.13226983
159.7389144	123.0335192	12.80331489
273.1994547	167.3546694	334.8823721
147.5881984	135.7239614	356.7183666
59.5956321	148.6269709	117.2157057
248.4562724	89.05425714	50.58071415
