22
2.085998e+02    1.342887e+02    1.612677e+02
5.084200e+00    8.055041e+01    2.368955e+02
2.484510e+02    7.902887e+01    2.508288e+02
3.484342e+02    7.148789e+01    9.360809e+01
8.634040e+01    8.482298e+01    2.255002e+02
3.507921e+02    1.547907e+02    2.109804e+02
2.260524e+02    6.675429e+01    2.545302e+02
3.333242e+02    5.988312e+01    1.182882e+02
3.578102e+02    1.003046e+02    1.907144e+02
0   0   0
1.284757e+02    1.531223e+02    2.636712e+02
2.616182e+02    9.520318e+01    2.347349e+02
1.193097e+01    2.749053e+01    2.061115e+02
1.357227e+02    1.047571e+02    1.432266e+02
2.355477e+02    7.755461e+01    1.180818e+02
1.545297e+02    1.515750e+01    2.137335e+02
1.806845e+00    7.111930e+01    9.285729e+01
2.538137e+02    4.895728e+01    1.106455e+02
3.313081e+02    5.237056e+01    1.280240e+02
6.841342e+01    9.376466e+01    1.115323e+02
1.180321e+02    7.501965e+01    2.140217e+02
1.865097e+02    4.677428e+01    1.661065e+02
