512
-90.87 158.65 49.88 
-132.40 6.43 -126.11 
110.55 160.38 123.96 
-36.98 22.16 -170.88 
58.73 157.25 169.14 
-8.41 25.31 35.50 
-135.72 156.90 -15.66 
135.03 97.57 -98.91 
-57.32 176.11 -82.91 
-113.69 157.27 -108.23 
-130.67 160.03 64.26 
-59.31 169.84 -155.12 
78.39 160.42 -2.24 
58.40 138.43 -136.60 
-160.76 141.17 35.81 
-96.16 94.45 -75.39 
109.09 163.16 48.55 
-111.06 22.20 -131.67 
-140.16 151.01 -76.16 
157.76 151.01 4.72 
-43.72 22.21 49.95 
46.37 46.90 86.22 
61.65 50.04 -110.84 
113.88 19.08 -148.63 
69.93 159.99 175.22 
-93.42 21.75 50.11 
101.03 157.33 107.38 
-48.05 147.91 50.40 
-121.58 12.31 20.23 
-35.74 150.54 61.09 
-156.68 18.59 -95.31 
102.72 154.20 -67.42 
86.62 69.38 -76.91 
-109.20 9.15 -100.80 
-74.45 159.94 148.77 
-101.43 94.53 -93.17 
111.14 166.22 -37.79 
-147.03 156.79 30.88 
134.33 81.39 153.29 
104.08 81.39 178.43 
115.94 40.54 115.39 
-6.60 154.24 113.12 
-115.30 72.56 -93.22 
-124.45 31.11 -101.69 
158.87 31.10 44.91 
100.62 19.17 -74.66 
19.47 28.60 109.85 
-120.67 93.92 146.12 
-120.67 93.92 146.12 
95.09 19.18 -102.87 
-56.58 12.90 146.11 
-138.88 163.70 -102.12 
-67.21 87.62 -144.86 
79.33 21.64 105.55 
-106.24 159.87 89.73 
30.13 31.06 99.64 
-37.78 157.44 -9.75 
-65.24 159.86 -114.78 
-124.24 160.59 -72.04 
63.01 160.59 71.68 
49.92 24.76 -69.04 
-40.59 151.17 -171.77 
-63.16 157.46 -54.70 
174.77 150.41 50.92 
-78.96 160.61 140.52 
52.10 38.09 29.43 
-118.17 21.60 -54.03 
-39.82 21.60 -60.05 
-141.73 162.97 -131.67 
-44.74 19.25 104.02 
143.58 159.82 157.19 
-145.09 159.82 -57.68 
-32.83 24.73 -103.59 
53.25 15.30 -102.57 
-116.66 159.81 97.38 
142.48 94.66 27.17 
-59.96 160.64 140.01 
-129.31 156.66 140.90 
-94.18 157.50 -60.44 
42.15 153.51 -13.72 
42.15 153.51 -13.72 
-48.52 18.42 72.35 
-149.54 159.79 58.17 
31.53 150.36 48.99 
-96.76 53.86 -179.14 
28.33 63.29 16.76 
-139.55 156.62 -176.53 
121.26 24.67 -73.91 
-115.84 162.90 123.36 
48.81 84.36 -155.17 
147.05 151.26 -71.10 
62.29 22.46 29.42 
-101.76 8.95 9.39 
84.25 160.70 172.27 
92.48 21.51 56.22 
153.61 43.50 -140.94 
134.25 47.61 145.35 
50.56 34.07 -28.20 
-49.30 18.36 -2.91 
-117.37 156.59 115.90 
12.10 35.05 -160.71 
-105.59 18.35 157.13 
52.23 157.58 40.37 
-121.59 19.35 -169.80 
155.33 178.57 32.65 
-128.96 154.44 -156.19 
36.49 153.43 47.00 
73.36 156.57 -133.30 
-72.75 19.36 -11.28 
-178.67 150.28 112.57 
137.12 25.65 -0.83 
69.22 34.04 27.82 
-117.64 129.34 -108.78 
-91.93 160.76 -26.45 
3.41 157.62 135.17 
76.58 162.82 78.30 
-91.17 19.40 132.62 
-143.27 147.10 -107.24 
168.51 30.86 80.71 
84.78 163.92 163.67 
-94.70 157.64 87.07 
98.29 165.94 -15.66 
79.66 159.65 -9.63 
43.72 46.55 83.82 
118.18 160.80 5.67 
-108.53 156.50 83.17 
56.41 163.95 145.09 
59.47 99.94 -92.48 
-100.69 156.48 -154.01 
107.78 160.83 111.67 
73.61 24.52 -24.33 
116.10 72.87 -2.37 
-39.39 125.05 -20.52 
59.80 28.89 67.72 
172.30 25.75 93.62 
109.55 22.61 147.26 
-88.76 19.47 -21.21 
-110.00 162.74 -9.13 
81.66 160.85 -105.46 
-33.79 19.48 -170.60 
-93.70 16.34 -84.47 
-102.65 35.19 77.67 
-84.71 19.49 -61.46 
-153.49 30.77 -163.28 
-153.79 153.29 154.67 
-75.13 18.20 -23.23 
170.33 154.59 142.10 
-43.44 153.28 65.79 
143.77 157.74 76.99 
-100.90 159.56 -135.77 
97.03 19.52 -169.70 
-160.24 16.38 -113.55 
176.70 22.67 -124.11 
-113.74 19.54 5.14 
54.59 13.26 125.47 
-69.72 165.81 17.38 
-94.79 160.92 102.54 
-45.22 19.55 -175.23 
141.54 167.21 1.63 
122.06 160.93 -112.03 
163.70 157.79 -64.66 
27.72 40.13 24.97 
82.80 84.11 27.10 
-90.95 36.98 -57.84 
63.22 21.27 -114.11 
-138.80 22.72 66.09 
91.06 132.68 60.17 
-160.79 109.22 141.58 
18.45 153.20 114.40 
138.27 157.82 -2.02 
64.00 159.48 -131.75 
-60.55 162.62 103.83 
33.85 164.11 -58.69 
-47.58 151.55 106.41 
85.31 164.12 68.93 
150.31 156.32 -176.45 
149.31 156.31 -128.86 
55.83 159.45 -106.79 
-99.30 16.48 -39.81 
72.80 145.29 8.98 
30.72 156.30 164.51 
-138.87 156.30 -95.82 
-72.04 19.63 -85.83 
-71.84 21.21 52.42 
-39.41 27.49 -147.37 
-47.85 44.77 -25.68 
-65.69 60.48 -118.08 
177.60 38.49 93.00 
72.71 24.34 -55.22 
111.60 162.57 164.43 
-173.60 146.86 -131.25 
50.42 14.91 161.21 
-32.46 30.61 -37.59 
-60.57 168.84 -113.55 
-165.57 14.90 -108.99 
94.71 159.41 69.47 
12.68 24.32 -51.54 
140.39 27.46 -6.31 
113.39 18.03 116.04 
-75.19 18.03 16.11 
142.83 80.86 -149.63 
-85.51 19.68 124.00 
-17.07 33.72 161.23 
-24.95 22.84 -21.52 
130.22 19.70 -59.99 
-96.58 21.14 -176.75 
-47.86 146.80 -21.26 
-111.01 161.08 68.75 
-19.31 22.85 -72.23 
56.33 154.80 -74.51 
-114.86 22.86 -84.03 
24.30 96.52 89.88 
-105.66 19.72 -112.94 
64.82 19.72 134.40 
83.77 21.12 56.70 
61.83 21.12 -55.84 
64.65 17.97 -160.73 
81.41 19.73 -36.19 
-41.19 27.39 -144.72 
119.44 168.76 104.46 
30.88 39.95 14.55 
72.21 165.61 131.85 
175.54 167.40 -103.06 
-77.47 17.95 1.78 
-81.47 156.18 135.00 
-93.49 16.61 25.20 
-116.46 16.61 -156.03 
-116.46 16.61 -156.03 
59.55 22.90 58.80 
-77.37 19.76 -113.93 
87.78 16.62 105.33 
-138.16 143.60 -179.11 
34.13 22.91 179.34 
34.13 22.91 179.34 
97.34 19.77 51.55 
-72.90 159.29 -113.02 
33.64 54.34 16.50 
-46.62 168.71 63.53 
117.89 52.47 -82.87 
-75.29 156.14 3.18 
101.79 19.79 -70.50 
-56.82 19.79 -174.66 
-113.89 19.80 127.51 
57.59 26.09 127.63 
71.64 22.96 56.03 
-97.73 10.41 -88.66 
-97.73 10.41 -88.66 
90.71 162.37 -51.47 
48.11 22.99 81.95 
-78.79 17.85 15.97 
-105.31 154.94 114.55 
105.51 162.36 -150.68 
-48.18 96.38 -31.08 
-145.35 158.09 -9.30 
144.04 158.09 -25.08 
-69.43 159.21 -25.03 
-100.17 154.95 -60.05 
-130.06 36.68 166.24 
-93.36 158.10 111.59 
-61.61 20.96 -145.22 
-119.66 20.96 27.29 
-97.10 24.09 161.19 
-67.00 11.52 159.66 
62.00 23.04 -138.82 
-61.07 17.80 -52.55 
70.88 158.13 -140.51 
-70.58 29.33 83.33 
-129.74 161.28 -161.89 
96.39 158.14 137.55 
-157.90 139.30 -163.49 
-91.04 155.01 71.56 
87.06 156.00 -33.47 
60.78 146.57 -42.08 
159.35 177.02 -157.25 
116.01 20.90 -2.07 
20.56 29.37 -62.17 
-94.12 158.18 124.22 
-96.34 152.83 172.15 
-96.34 152.83 172.15 
108.92 17.74 -174.06 
-92.88 159.11 16.28 
45.71 23.11 54.35 
58.81 24.01 34.97 
-108.21 164.50 -45.59 
-108.21 164.50 -45.59 
-103.24 162.22 82.86 
-71.99 162.22 -144.84 
-134.86 11.42 -40.43 
-35.78 26.28 -128.33 
47.76 17.69 -154.99 
-0.58 27.11 -28.97 
96.55 26.30 -86.85 
-15.02 14.53 73.05 
126.72 13.75 20.16 
78.04 161.41 -50.24 
126.58 158.27 114.49 
-62.49 20.80 57.89 
-111.43 16.90 -158.23 
-83.58 16.90 -82.42 
134.51 165.31 -56.03 
-163.14 17.65 70.61 
19.89 20.79 -103.90 
-92.32 92.31 150.80 
-18.90 29.48 110.27 
-146.32 152.01 -9.75 
164.30 13.78 -74.62 
42.81 27.06 72.28 
69.15 161.44 116.40 
-77.83 17.63 -171.72 
-21.47 165.28 -177.38 
-96.72 89.88 -23.57 
-129.49 152.71 168.87 
-129.49 152.71 168.87 
-129.49 152.71 168.87 
68.06 158.99 -69.81 
-107.00 89.87 40.76 
77.57 161.46 115.11 
71.18 158.98 -6.58 
-75.73 164.61 86.27 
-72.70 20.10 170.84 
-96.42 23.88 -60.14 
112.74 162.11 48.70 
-107.46 152.05 -139.02 
-151.54 145.77 -128.64 
89.60 17.59 90.95 
-128.40 17.59 0.51 
-97.56 20.73 -99.09 
125.49 145.78 179.19 
-74.77 161.49 55.55 
73.12 23.26 164.71 
-14.43 17.58 81.53 
-129.96 158.35 -123.14 
-128.86 158.35 85.65 
-128.86 158.35 85.65 
-128.86 158.35 85.65 
106.28 136.36 60.84 
-76.42 16.98 35.36 
65.02 20.70 122.71 
-140.43 165.21 -99.10 
-45.15 23.29 70.02 
-115.75 39.00 -45.76 
76.74 20.16 115.06 
-61.17 158.91 -114.53 
102.52 174.10 -127.18 
102.52 174.10 -127.18 
-151.93 7.60 -162.94 
109.18 20.17 121.82 
-103.20 20.17 -107.05 
-122.01 158.90 119.87 
55.68 1.33 50.86 
44.71 20.66 128.39 
62.87 20.66 55.32 
62.87 20.66 55.32 
62.87 20.66 55.32 
62.87 20.66 55.32 
62.87 20.66 55.32 
62.87 20.66 55.32 
62.87 20.66 55.32 
-0.51 161.56 62.00 
-150.52 158.42 -20.82 
-108.60 20.65 25.22 
-108.89 13.91 38.28 
73.51 108.61 159.33 
-114.85 86.17 -150.03 
-55.25 20.20 -51.00 
-16.54 42.63 -90.40 
92.33 149.44 66.12 
110.82 155.30 16.71 
105.44 164.73 170.35 
-41.87 17.48 63.66 
98.75 161.99 -44.04 
119.28 158.46 82.86 
119.28 158.46 82.86 
119.28 158.46 82.86 
33.19 33.17 123.59 
126.21 158.47 76.57 
51.18 158.83 90.13 
-30.71 165.11 163.49 
-34.97 14.31 -146.00 
98.79 20.25 50.93 
85.23 164.77 -174.81 
36.23 23.40 78.54 
149.44 20.58 -111.07 
44.14 158.81 61.94 
44.14 158.81 61.94 
44.14 158.81 61.94 
-137.12 155.35 -148.98 
100.04 161.95 9.28 
-76.08 86.24 98.67 
34.92 23.41 134.82 
34.92 23.41 134.82 
111.68 161.94 61.45 
-51.35 161.94 135.44 
-175.74 152.51 98.44 
-175.74 152.51 98.44 
-175.74 152.51 98.44 
-87.58 64.26 -154.16 
-68.80 17.14 157.14 
57.67 29.98 163.80 
-89.23 17.41 -130.20 
79.12 7.73 -97.13 
-54.58 158.53 -34.32 
-125.31 149.11 -3.01 
-80.98 161.68 97.55 
77.62 23.45 -9.31 
-95.02 17.39 -48.88 
-45.14 10.89 -112.22 
-48.50 155.61 81.79 
-97.29 20.52 7.39 
-97.29 20.52 7.39 
-97.29 20.52 7.39 
-52.33 23.47 79.42 
-52.33 23.47 79.42 
-58.78 17.37 129.94 
33.80 32.90 -153.73 
-15.11 155.59 96.72 
-176.84 155.43 78.99 
164.20 155.43 58.35 
-118.35 143.02 -66.98 
59.89 111.60 -23.94 
59.89 111.60 -23.94 
59.89 111.60 -23.94 
-85.38 155.58 -102.27 
126.25 23.50 -63.00 
-58.81 23.62 -113.36 
-52.45 146.14 -103.12 
-89.40 127.29 35.60 
-89.40 127.29 35.60 
-89.40 127.29 35.60 
-89.40 127.29 35.60 
-89.40 127.29 35.60 
-69.92 146.03 -99.92 
-81.27 23.51 164.18 
-11.20 136.71 -24.23 
72.61 20.47 -105.00 
-124.52 17.23 -8.87 
52.34 26.66 -46.27 
-71.95 161.75 -34.87 
-71.95 161.75 -34.87 
-71.95 161.75 -34.87 
89.14 152.33 -118.19 
89.14 152.33 -118.19 
89.14 152.33 -118.19 
89.14 152.33 -118.19 
89.14 152.33 -118.19 
89.14 152.33 -118.19 
127.78 155.54 -116.79 
127.78 155.54 -116.79 
127.78 155.54 -116.79 
127.78 155.54 -116.79 
127.78 155.54 -116.79 
127.78 155.54 -116.79 
127.97 136.68 -31.86 
127.97 136.68 -31.86 
127.97 136.68 -31.86 
127.97 136.68 -31.86 
127.97 136.68 -31.86 
127.97 136.68 -31.86 
49.87 23.58 130.76 
49.87 23.58 130.76 
49.87 23.58 130.76 
49.87 23.58 130.76 
49.87 23.58 130.76 
49.87 23.58 130.76 
68.23 26.69 -178.23 
68.23 26.69 -178.23 
68.23 26.69 -178.23 
68.23 26.69 -178.23 
68.23 26.69 -178.23 
68.23 26.69 -178.23 
68.23 26.69 -178.23 
68.23 26.69 -178.23 
68.23 26.69 -178.23 
68.23 26.69 -178.23 
68.23 26.69 -178.23 
68.23 26.69 -178.23 
68.23 26.69 -178.23 
68.23 26.69 -178.23 
68.23 26.69 -178.23 
68.23 26.69 -178.23 
68.23 26.69 -178.23 
68.23 26.69 -178.23 
132.87 17.27 164.02 
132.87 17.27 164.02 
132.87 17.27 164.02 
132.87 17.27 164.02 
132.87 17.27 164.02 
132.87 17.27 164.02 
132.87 17.27 164.02 
132.87 17.27 164.02 
132.87 17.27 164.02 
132.87 17.27 164.02 
132.87 17.27 164.02 
132.87 17.27 164.02 
132.87 17.27 164.02 
-30.02 23.56 102.29 
-30.02 23.56 102.29 
-30.02 23.56 102.29 
-30.02 23.56 102.29 
-30.02 23.56 102.29 
-30.02 23.56 102.29 
-90.87 158.65 49.88 
-90.87 158.65 49.88 
-90.87 158.65 49.88 
-90.87 158.65 49.88 
-90.87 158.65 49.88 
-90.87 158.65 49.88 
-90.87 158.65 49.88 
-90.87 158.65 49.88 
-90.87 158.65 49.88 
-90.87 158.65 49.88 
-90.87 158.65 49.88 
